Date,DIS,FITB,NKE,SCHL,IYW,MCK,OKE,UNH,GSK,DUK,CEIX,RIO,T,VFH,PSX,VIS,VDC,V,KHC,KIE,PBS,GM,CNX,PYPL,VCR,INTU,INTC,LIT,BIIB,CRUS,XLV,FEYE,SEP,CCL,XLB,XLU
2017-05-30,106.68,23.533,52.227,41.53,143.47,160.73,47.243,174.03,41.038000000000004,81.749,,39.012,36.57,58.456,74.71300000000001,124.58,141.55,94.07600000000001,89.296,28.17,27.022,32.201,12.408,51.06,140.81,138.66,35.26,29.031,246.54,65.86,74.64699999999999,14.96,41.301,62.051,51.934,51.842
2017-05-31,106.28,23.230999999999998,52.297,41.88399999999999,142.97,161.7,47.082,172.65,41.813,82.008,,38.077,36.552,58.06399999999999,73.84899999999999,124.8,141.86,94.583,89.045,28.342,26.983,32.588,12.092,52.21,141.16,139.25,35.192,28.866999999999997,247.77,65.95,74.943,14.99,40.968999999999994,62.372,52.09,52.103
2017-06-01,106.55,23.513,51.791000000000004,42.318000000000005,143.46,164.79,47.81100000000001,176.97,41.87,82.697,,38.398,36.874,58.879,74.344,125.92,143.08,94.75200000000001,89.55799999999999,28.671999999999997,27.421,33.067,12.317,53.16,142.64,139.93,35.202,28.935,252.38,67.99,75.771,15.37,41.073,63.666000000000004,52.718,52.471000000000004
2017-06-02,105.54,23.131,52.465,42.347,145.04,164.58,46.958,176.78,41.946000000000005,82.58200000000001,,38.54,36.874,58.643,74.101,126.58,143.51,95.49700000000001,90.338,28.612,27.401,33.085,11.883,53.52,143.25,141.38,35.396,29.07,256.62,67.48,76.263,15.41,40.408,63.735,52.846000000000004,52.528999999999996
2017-06-05,104.89,23.191,52.494,42.003,145.05,164.77,46.74100000000001,176.76,41.757,82.15100000000001,,38.171,36.817,58.643,74.577,126.06,143.65,95.89399999999999,90.242,28.4,27.366999999999997,33.095,11.792,53.8,142.82,141.22,35.416,28.973000000000003,258.5,68.17,76.047,15.47,40.153,63.336999999999996,52.678999999999995,52.365
2017-06-06,103.88,23.111,51.97,41.126000000000005,144.86,160.84,47.385,178.21,41.61600000000001,82.132,,38.691,36.741,58.349,74.752,125.2,143.13,95.139,90.021,28.121,27.112,33.067,12.042,53.4,141.7,140.22,35.211999999999996,28.964000000000002,257.16,68.85,75.859,15.79,40.428000000000004,62.623999999999995,52.708,52.248999999999995
2017-06-07,104.3,23.362,52.713,42.062,145.22,160.49,46.31399999999999,180.56,41.577,82.4,,38.955999999999996,36.77,58.839,74.675,124.96,143.11,95.43799999999999,90.561,28.158,27.261999999999997,33.349000000000004,11.842,53.85,142.07,140.54,35.338,28.944000000000003,255.43,69.57,76.067,15.54,40.323,62.595,52.777,52.422
2017-06-08,102.72,23.805999999999997,52.684,43.155,145.82,161.05,45.953,179.06,41.398,81.72,,39.777,36.523,59.635,75.102,125.63,142.15,95.43799999999999,89.402,28.426,27.480999999999998,33.125,12.05,54.39,141.4,141.28,35.552,29.041,257.17,71.16,75.85,15.82,39.924,62.623999999999995,52.934,51.988
2017-06-09,104.0,24.521,52.941,43.843999999999994,141.35,162.28,46.865,178.83,41.133,82.045,,39.418,36.798,60.775,77.206,126.17,142.09,93.917,87.72200000000001,28.738000000000003,27.480999999999998,33.349000000000004,12.308,53.4,140.81,138.82,34.802,28.944000000000003,259.89,67.3,76.362,15.26,40.21,61.661,53.611999999999995,51.938
2017-06-12,105.4,24.648000000000003,53.505,44.178999999999995,140.43,160.67,47.375,176.66,41.001000000000005,81.95,,38.766,37.064,60.913000000000004,77.828,126.67,141.97,92.865,88.12799999999999,28.822,27.63,33.678000000000004,12.467,52.16,140.71,138.35,34.821,28.663,262.11,64.6,76.263,14.99,40.123000000000005,61.905,53.405,51.842
2017-06-13,104.93,24.785,53.782,44.888000000000005,141.6,161.05,47.583,178.44,40.936,82.26700000000001,,38.88,36.694,61.158,78.235,127.18,142.21,94.434,88.455,28.905,27.75,33.513000000000005,12.908,52.06,141.73,138.49,34.967,29.128,261.42,65.02,76.42,15.13,39.961999999999996,62.361999999999995,54.073,51.968
2017-06-14,104.52,25.03,54.129,44.82899999999999,140.61,162.26,47.18600000000001,179.71,41.236999999999995,82.62,,37.68,36.732,61.248000000000005,76.44,126.91,143.1,94.67200000000001,88.33,29.019000000000002,27.551,33.61,12.475,51.9,141.7,138.8,34.626999999999995,28.875999999999998,253.37,64.1,76.785,15.17,39.743,63.044,53.503,52.248999999999995
2017-06-15,104.36,24.933000000000003,52.386,44.917,139.91,162.79,46.418,178.51,41.056999999999995,83.22200000000001,,37.17,36.846,61.021,76.73100000000001,127.48,142.68,93.53,88.514,29.088,27.601,33.6,12.342,52.29,141.06,138.61,34.412,28.373,255.02,62.97,76.706,14.99,39.031,63.763999999999996,53.033,52.548
2017-06-16,103.89,24.923000000000002,50.603,44.701,139.63,158.74,48.305,179.73,41.426,83.405,,37.123000000000005,36.96,60.952,78.536,127.77,141.18,93.53,86.35,29.191999999999997,27.564,33.299,12.075,51.82,140.83,138.1,34.315,28.479,251.74,62.61,76.833,15.13,39.515,63.901,53.262,52.788999999999994
2017-06-19,103.76,25.04,51.513999999999996,44.661,142.08,160.65,47.583,181.12,41.388999999999996,83.166,,37.076,36.913000000000004,61.45399999999999,78.827,128.54,141.82,94.146,86.77600000000001,29.205,27.773000000000003,33.357,12.025,52.93,141.98,139.36,34.607,28.518,260.54,64.86,77.634,15.18,39.431,64.562,53.685,52.614
2017-06-20,102.35,25.01,51.059,43.617,140.93,159.88,45.016999999999996,181.37,41.011,83.186,,35.895,36.675,60.894,77.187,127.09,141.24,93.73899999999999,86.225,29.017,27.214000000000002,33.406,11.842,52.52,140.2,138.78,33.973,28.315,266.0,63.1,77.89,15.09,39.126,63.958,53.388999999999996,52.643
2017-06-21,103.2,24.844,52.07899999999999,43.794,141.94,161.76,44.931000000000004,182.99,41.236999999999995,82.86,,36.198,36.192,60.412,76.546,126.13,140.75,93.897,86.34200000000001,28.745,27.344,33.144,11.342,53.54,140.36,138.86,33.7,28.218000000000004,278.6,64.89,78.88,15.01,38.937,64.669,52.828,52.33
2017-06-22,102.62,24.599,51.891000000000005,43.617,142.32,164.45,45.291000000000004,184.55,41.747,82.58200000000001,,36.566,36.144,60.078,76.566,125.92,139.95,93.311,86.051,28.622,27.264,33.202,11.35,53.87,140.24,138.6,33.486999999999995,28.14,280.57,64.93,79.7,15.59,39.012,63.948,52.887,52.086999999999996
2017-06-23,102.76,24.129,52.336999999999996,43.903,143.38,165.82,46.617,183.32,41.87,82.27600000000001,,37.0,36.001,59.833,77.88600000000001,126.37,139.98,94.93,85.81,28.592,27.534000000000002,33.211999999999996,11.792,54.33,140.36,139.01,33.321,28.285999999999998,280.32,66.01,79.582,15.67,40.2,64.689,53.093999999999994,51.911
2017-06-26,103.95,24.285999999999998,52.762,43.843999999999994,142.37,166.47,47.897,183.19,41.662,82.984,,37.104,36.192,60.145,77.857,126.48,140.65,94.573,85.896,28.721999999999998,27.822,33.523,12.192,53.74,140.74,137.01,33.203,28.412,279.81,65.05,79.503,15.67,40.931,64.25,53.251999999999995,52.263000000000005
2017-06-27,103.8,24.551,52.435,43.361000000000004,139.81,165.56,48.028999999999996,182.68,41.512,82.027,,37.963,35.764,60.471000000000004,78.148,125.57,139.36,94.256,84.515,28.725,27.623,33.222,12.133,52.73,139.77,133.94,32.794000000000004,28.285999999999998,271.25,63.78,78.781,15.41,41.169,63.327,52.926,51.676
2017-06-28,105.22,25.081999999999997,52.841,43.873000000000005,141.58,165.49,48.239,183.77,41.313,81.329,,38.889,35.992,61.388000000000005,79.362,126.81,139.92,95.57600000000001,84.815,29.083000000000002,28.035,33.58,12.575,54.39,141.13,134.02,33.330999999999996,28.528000000000002,274.64,64.94,79.196,15.74,41.681999999999995,64.34899999999999,53.409,51.178999999999995
2017-06-29,104.09,25.651999999999997,52.653999999999996,43.076,139.01,162.53,48.826,183.34,40.896,80.428,,39.522,35.688,61.783,79.438,125.83,138.3,93.77799999999999,82.82600000000001,29.063000000000002,27.683000000000003,33.853,12.758,53.42,139.91,131.78,32.687,28.015,271.88,63.28,78.47399999999999,15.48,41.548,63.423,52.768,50.769
2017-06-30,104.63,25.534000000000002,58.426,42.928000000000004,138.85,163.42,49.431999999999995,183.49,40.765,80.007,,39.966,35.793,61.733999999999995,80.234,126.84,138.7,93.14299999999999,82.71,28.965,27.783,33.921,12.45,53.67,140.64,131.49,32.882,28.101999999999997,271.36,62.72,78.366,15.21,40.741,63.832,53.055,50.692
2017-07-03,105.82,26.055999999999997,58.08,43.175,137.45,163.43,49.309,184.7,40.433,79.74,,41.185,36.152,62.563,80.865,127.61,138.6,92.715,81.579,29.291,27.912,34.543,12.842,52.83,140.39,130.33,32.609,28.179000000000002,272.52,63.22,78.50399999999999,14.985,41.49100000000001,63.52,53.518,50.458
2017-07-05,104.01,26.154,57.001000000000005,42.849,138.98,164.15,48.097,186.29,40.329,79.721,,40.891999999999996,36.162,62.702,79.885,127.87,138.29,93.37100000000001,80.922,29.171999999999997,27.733,33.999,12.425,54.61,139.85,130.67,33.467,28.266,277.71,63.32,78.969,14.96,41.397,64.77600000000001,53.341,50.214
2017-07-06,102.53,26.035999999999998,56.604,42.288000000000004,137.78,161.97,49.849,184.99,39.952,79.64399999999999,,40.751,35.73,62.187,79.458,126.63,137.51,92.616,79.986,29.066999999999997,27.564,33.863,12.275,53.47,138.27,130.13,32.774,28.101999999999997,271.96,62.59,77.95,14.72,41.568000000000005,63.744,53.104,50.193999999999996
2017-07-07,102.5,26.055999999999997,57.416000000000004,42.14,139.6,163.56,48.986999999999995,186.0,39.952,79.845,,41.09,35.538000000000004,62.533,80.14699999999999,127.56,137.55,93.281,80.19800000000001,29.294,27.653000000000002,33.931,12.125,53.97,139.43,130.92,33.018,28.489,273.93,63.7,78.346,15.38,42.203,64.085,53.379,50.233000000000004
2017-07-10,102.76,25.918000000000003,58.159,41.894,140.75,163.59,48.332,185.0,39.905,79.625,,41.77,35.394,62.474,80.01100000000001,127.78,136.58,94.443,79.937,29.221999999999998,27.802,34.173,12.442,54.94,139.6,130.89,32.789,28.721,273.58,63.95,78.197,15.43,41.738,64.095,53.715,50.193999999999996
2017-07-11,103.01,25.771,57.615,41.598,141.38,164.08,48.218999999999994,184.02,39.715,79.615,,42.243,35.173,62.09,79.913,127.76,136.13,94.762,80.884,29.066999999999997,27.793000000000003,34.376999999999995,13.175,54.76,139.49,131.38,33.056999999999995,28.712,271.76,64.3,78.109,15.36,41.558,64.007,53.635,50.165
2017-07-12,103.55,25.691999999999997,57.655,41.342,143.16,165.21,49.328,184.74,40.196,80.381,,42.214,35.394,62.187,79.797,128.56,136.91,95.52600000000001,81.80199999999999,29.182,27.872,34.474000000000004,12.992,56.55,140.46,132.49,33.379,29.138,275.08,64.63,78.642,15.49,42.156000000000006,64.223,54.257,50.595
2017-07-13,103.46,25.869,57.376999999999995,41.815,143.58,165.2,49.716,183.55,40.179,79.797,,42.092,34.799,62.504,79.292,128.49,137.03,95.288,81.947,29.296,27.862,34.824,13.117,57.9,140.61,131.42,33.369,29.39,278.36,64.92,78.711,15.5,42.193000000000005,64.415,54.196999999999996,50.418
2017-07-14,104.25,25.662,57.43600000000001,42.229,144.9,166.36,50.381,184.95,40.415,80.247,,42.667,34.884,62.236999999999995,79.759,128.97,137.98,96.27,82.72,29.363000000000003,28.061999999999998,35.3,13.142000000000001,57.16,141.05,131.9,33.797,29.574,280.81,65.53,79.24600000000001,15.49,43.021,64.007,54.474,50.652
2017-07-17,103.95,25.741,57.228,42.505,144.89,166.97,50.769,184.42,39.952,80.428,,42.931999999999995,34.971,62.148999999999994,79.38,128.99,138.16,96.17200000000001,82.67,29.409000000000002,28.191999999999997,35.329,13.042,57.58,141.31,132.08,33.594,29.593000000000004,282.65,65.3,78.959,15.5,43.343,65.244,54.582,50.887
2017-07-18,104.91,25.406999999999996,57.09,42.347,145.55,164.29,50.769,184.9,40.113,80.582,,42.96,34.586999999999996,62.0,79.525,128.63,138.2,96.916,82.67,29.369,28.208000000000002,35.378,13.0,58.96,141.84,132.66,33.652,29.641,282.6,61.72,79.018,15.62,43.208999999999996,64.98100000000001,54.357,51.033
2017-07-19,105.97,25.386999999999997,57.208,43.854,146.44,163.73,51.54600000000001,187.22,40.103,80.735,,42.847,34.722,62.129,80.456,129.01,138.75,97.58200000000001,82.758,29.583000000000002,28.641,35.417,13.825,58.35,142.59,134.19,33.681,29.574,281.95,63.67,79.66,15.91,43.29600000000001,65.001,54.879,51.248000000000005
2017-07-20,106.5,25.081999999999997,58.526,43.321999999999996,146.56,163.95,51.925,189.51,40.433,81.29,,42.073,35.096,62.159,79.913,128.44,138.83,97.44200000000001,82.96,29.665,28.801,35.358000000000004,13.517000000000001,59.09,142.43,134.38,33.867,29.631999999999998,281.44,63.84,80.185,15.86,42.83,65.788,54.474,51.619
2017-07-21,106.24,25.761,59.367,41.51,146.15,164.79,51.603,189.78,40.329,81.547,,41.695,35.086999999999996,62.1,80.39,128.07,139.14,98.92299999999999,83.212,29.767,28.791,35.028,13.275,58.67,142.43,133.84,33.847,29.709,282.92,63.34,80.097,15.76,42.65,65.225,54.483999999999995,51.99
2017-07-24,106.15,26.016,58.376999999999995,41.076,146.72,165.6,52.00899999999999,188.9,39.931999999999995,80.926,,41.468,34.817,62.317,80.195,127.7,138.79,99.69,83.26899999999999,29.896,28.801,34.785,13.442,58.6,142.08,135.24,33.623000000000005,29.932,284.7,63.07,80.067,15.95,42.849,65.215,54.434,51.501999999999995
2017-07-25,105.57,26.174,58.813,41.096000000000004,146.39,166.49,52.863,188.42,39.668,80.219,,43.386,34.808,63.125,81.943,127.73,139.88,99.307,84.429,30.12,28.704,34.543,14.067,58.26,143.06,135.83,33.788000000000004,30.076999999999998,282.96,64.06,79.493,16.08,43.258,65.37100000000001,55.016000000000005,51.208999999999996
2017-07-26,106.09,25.761,57.792,40.919000000000004,146.53,165.22,52.683,188.77,38.618,80.831,,43.471000000000004,36.547,62.641999999999996,81.21300000000001,127.62,139.67,100.17,84.65899999999999,29.784000000000002,28.820999999999998,34.591,13.925,58.77,143.06,136.13,33.867,29.932,295.61,64.49,79.226,15.86,43.011,64.932,54.681000000000004,51.696000000000005
2017-07-27,109.12,25.721,57.585,40.624,144.88,161.42,53.659,186.97,38.524,81.405,,43.32899999999999,37.873000000000005,62.346000000000004,81.999,127.04,140.78,98.89399999999999,85.17299999999999,29.593000000000004,29.179000000000002,34.900999999999996,14.142000000000001,60.15,143.89,135.86,34.08,29.767,287.95,63.5,78.682,15.53,42.773,64.581,54.483999999999995,51.823
2017-07-28,109.08,25.958000000000002,58.099,40.801,144.86,161.4,53.507,189.16,38.694,81.27,,44.028,37.48,62.306999999999995,81.166,127.22,139.66,98.476,84.64200000000001,29.941999999999997,29.259,34.736999999999995,14.092,59.19,142.95,134.63,34.412,29.864,287.44,62.16,79.078,15.28,42.782,64.64,54.287,51.746
2017-07-31,109.05,26.272,58.476000000000006,40.801,143.9,160.77,53.613,189.81,38.305,81.471,,44.755,37.48,62.711999999999996,81.262,127.07,139.56,98.884,84.46700000000001,30.076999999999998,28.91,34.941,13.967,58.55,142.79,136.2,34.568000000000005,29.951,289.59,61.44,79.008,14.63,42.925,65.01100000000001,53.873000000000005,51.92
2017-08-01,109.73,26.488000000000003,59.25899999999999,41.165,144.53,160.16,53.763999999999996,190.23,38.391,81.52,,44.519,37.364000000000004,63.175,83.087,126.79,139.36,100.19,83.704,30.221,29.009,33.756,12.883,59.34,143.14,136.4,35.426,30.038,291.15,63.08,78.83,14.69,42.849,65.691,53.912,52.213
2017-08-02,107.8,26.528000000000002,59.208999999999996,40.092,145.09,158.52,52.465,190.99,38.524,82.065,,43.461000000000006,36.778,63.175,84.095,127.14,139.26,100.59,83.897,30.191,28.561,33.814,12.875,59.12,142.61,135.52,35.708,30.862,288.0,63.37,78.652,14.8,43.248000000000005,65.711,53.961999999999996,52.437
2017-08-03,108.25,26.469,59.556000000000004,39.816,144.56,154.28,51.73,192.74,38.467,82.802,,43.622,36.787,62.898999999999994,83.10700000000001,127.63,139.01,99.91,83.55,30.142,28.421,33.766,12.458,58.42,142.37,136.13,35.826,30.91,286.09,59.0,78.781,14.52,43.419,65.633,53.558,52.701
2017-08-04,106.83,26.735,59.178999999999995,39.974000000000004,145.04,153.64,51.422,192.85,38.315,82.774,,44.236000000000004,36.931,63.284,83.057,128.03,138.63,100.21,83.695,30.234,28.219,34.251,12.95,58.86,142.54,135.89,35.639,31.414,288.27,57.43,78.60300000000001,14.36,43.693999999999996,66.013,53.81399999999999,52.467
2017-08-07,105.5,26.598000000000003,59.208999999999996,39.728,145.99,154.62,50.981,192.75,38.098,82.56200000000001,,45.199,37.018,63.233999999999995,82.54299999999999,127.99,139.62,100.8,84.042,30.179000000000002,28.241,34.28,12.833,59.62,142.81,135.64,35.768,31.578000000000003,291.01,57.55,78.771,14.39,43.4,66.19800000000001,53.843,52.63399999999999
2017-08-08,106.13,27.01,58.882,39.314,145.82,156.19,50.481,192.87,37.957,82.88799999999999,,44.67,36.864000000000004,63.125,82.495,127.67,139.09,100.59,83.212,30.175,28.002,34.367,12.792,59.48,142.7,135.17,35.748000000000005,31.433000000000003,289.26,56.76,78.405,14.14,42.526,66.22800000000001,53.419,52.847
2017-08-09,102.01,26.705,59.318000000000005,39.265,145.79,153.22,50.683,192.8,37.832,82.506,,44.641000000000005,36.864000000000004,63.008,81.98,127.52,139.24,100.29,83.50200000000001,30.087,27.866999999999997,34.260999999999996,12.875,59.67,142.14,135.81,35.925,31.142,288.74,56.9,78.494,14.21,42.782,66.354,53.468,52.574
2017-08-10,100.54,25.958000000000002,58.496,39.402,142.57,150.04,50.155,190.56,37.229,82.68799999999999,,43.876999999999995,36.701,61.882,81.156,125.75,138.66,98.814,82.95,29.84,27.504,33.872,12.592,58.02,139.89,134.16,35.482,30.397,281.15,55.46,77.515,13.89,42.621,65.594,52.857,52.74100000000001
2017-08-11,101.18,25.691999999999997,58.396,39.166,143.78,148.97,50.346000000000004,191.01,37.124,82.027,,43.141999999999996,36.614000000000004,61.537,80.961,125.9,138.8,99.41,83.51,29.750999999999998,27.743000000000002,33.921,12.5,58.04,140.65,135.59,35.218,30.397,283.68,55.13,77.732,14.01,42.913999999999994,65.691,52.729,52.428000000000004
2017-08-14,100.59,26.253,59.199,39.372,146.11,148.07,50.26,191.7,37.334,82.429,,43.287,36.999,62.425,81.388,127.25,139.49,101.18,84.042,29.980999999999998,27.738000000000003,34.445,12.017000000000001,59.06,141.59,137.86,35.679,30.862,286.05,56.75,78.257,14.2,42.827,66.22800000000001,53.222,52.731
2017-08-15,100.7,26.588,57.99100000000001,38.791,146.39,148.25,48.943999999999996,192.47,37.277,83.166,,42.755,36.672,62.543,81.195,126.9,140.13,101.93,83.772,29.938000000000002,27.627,34.513000000000005,12.1,59.69,140.38,136.44,35.345,31.016,287.92,55.76,78.257,13.91,42.268,66.889,53.232,53.023999999999994
2017-08-16,101.38,26.401,57.972,38.704,146.81,146.63,48.618,191.76,37.555,83.465,,43.751999999999995,36.739000000000004,62.405,81.243,127.06,140.55,102.78,84.141,29.921999999999997,27.608,34.717,11.908,60.29,140.9,136.89,35.158,31.259,294.08,56.07,78.47399999999999,14.06,41.861999999999995,67.045,53.755,53.238
2017-08-17,100.57,25.839000000000002,56.901,38.083,143.81,145.83,48.378,190.69,37.373000000000005,83.039,,42.861999999999995,36.135,61.271,79.149,124.84,139.27,101.63,82.789,29.433000000000003,27.224,33.989000000000004,11.725,59.29,138.68,133.46,34.53,30.833000000000002,284.371,54.75,77.495,13.99,41.998000000000005,65.721,52.93600000000001,52.857
2017-08-18,99.9,25.908,54.416000000000004,38.053000000000004,143.66,145.01,48.925,188.83,37.086,83.53299999999999,,43.17100000000001,35.914,61.231,79.805,124.39,138.8,101.98,82.186,29.369,27.184,33.824,11.875,59.44,138.0,133.11,34.373000000000005,30.997,281.77,54.63,77.139,13.98,41.92,65.672,52.955,53.169
2017-08-21,100.36,25.79,53.088,38.398,143.43,145.15,48.963,190.03,37.019,83.726,,43.713,36.115,61.043,80.138,124.46,139.34,102.68,82.245,29.3,27.184,33.900999999999996,11.9,59.4,138.24,134.91,34.285,31.104,283.15,54.25,77.485,13.77,41.071000000000005,66.685,53.005,53.365
2017-08-22,101.95,26.194000000000003,53.604,38.378,145.72,147.27,50.806999999999995,192.76,37.449,83.698,,44.632,36.5,61.665,80.46,125.82,139.59,103.53,82.73100000000001,29.474,27.514,34.28,11.975,60.84,139.64,137.12,34.02,31.500999999999998,286.72,54.93,78.42399999999999,14.27,41.602,66.48,53.695,53.482
2017-08-23,100.69,26.174,53.088,37.757,145.48,146.19,51.239,192.22,37.631,84.01700000000001,,45.753,36.441,61.537,80.587,124.76,139.08,102.65,82.439,29.396,27.254,34.464,12.017000000000001,60.05,138.64,134.52,34.03,31.598000000000003,282.64,55.73,77.832,14.4,42.016999999999996,66.313,53.597,53.658
2017-08-24,100.71,26.42,53.317,37.787,145.35,145.87,51.365,192.72,37.765,83.91,,46.023999999999994,36.211999999999996,61.576,82.066,124.4,137.26,102.68,80.542,29.281,27.304000000000002,34.494,12.083,60.0,138.38,134.31,34.078,31.859,285.45,55.34,78.059,14.48,41.93,66.764,53.498000000000005,53.618
2017-08-25,101.59,26.243000000000002,53.376000000000005,38.181999999999995,145.22,146.58,51.547,192.34,37.775,84.35600000000001,,46.121,36.509,61.733999999999995,81.625,124.99,137.58,102.81,80.348,29.445999999999998,27.384,34.571,12.2,59.97,138.75,136.33,34.04,32.159,285.06,55.33,78.079,14.5,42.056000000000004,66.75399999999999,53.665,53.795
2017-08-28,101.74,26.164,53.208,38.222,145.56,147.32,50.865,193.06,37.765,84.539,,46.45,36.46,61.418,81.85,125.05,137.18,103.24,79.90100000000001,29.146,27.394000000000002,34.484,12.075,60.53,138.85,136.87,34.01,32.053000000000004,292.3,55.68,78.494,14.46,42.093999999999994,67.127,53.745,53.891999999999996
2017-08-29,101.75,25.839000000000002,52.217,38.299,146.18,146.21,51.125,194.69,37.631,84.616,,46.527,36.374,61.113,81.704,125.93,137.62,103.23,79.219,29.000999999999998,27.404,34.494,12.075,61.01,138.58,136.98,34.098,31.965,293.58,56.05,78.642,14.52,42.354,66.695,53.488,53.775
2017-08-30,102.05,25.879,52.05,38.863,147.57,146.04,51.88399999999999,193.84,38.033,84.40299999999999,,46.333999999999996,36.202,61.388000000000005,81.801,126.45,137.77,103.19,79.696,29.011,27.608,34.785,11.95,61.77,139.5,138.94,34.255,32.071999999999996,303.75,57.69,79.048,14.71,42.172,67.117,53.882,53.618
2017-08-31,100.39,25.711,52.476000000000006,38.992,148.85,148.64,52.028,196.83,38.503,84.42299999999999,,47.465,35.999,61.448,82.006,127.1,137.86,102.98,78.54899999999999,29.073,27.666,35.484,12.125,61.68,140.39,140.39,34.431999999999995,32.653,316.56,57.98,80.393,14.77,42.778999999999996,68.03699999999999,54.297,53.628
2017-09-01,100.69,25.987,53.023,39.367,148.79,148.74,52.479,197.67,38.474000000000004,84.219,,47.9,36.018,61.715,82.61399999999999,127.44,138.39,103.36,78.646,29.125999999999998,27.901999999999997,36.281,12.317,61.46,141.12,140.84,34.452,33.098,321.01,58.83,80.334,14.89,42.778999999999996,67.695,54.651,53.461999999999996
2017-09-05,100.79,25.377,52.676,38.626,147.35,147.15,52.691,197.24,38.177,84.529,,47.233000000000004,35.644,60.263999999999996,81.45,126.12,138.58,102.48,78.937,28.169,27.564,36.154,11.917,61.27,140.46,140.48,34.383,32.566,315.83,57.9,79.987,14.77,42.721000000000004,65.579,54.03,53.598
2017-09-06,100.69,25.357,52.426,38.726,147.65,151.4,54.122,196.31,38.283,84.12299999999999,,47.533,35.144,60.391999999999996,81.567,126.26,139.02,102.65,79.112,28.241,27.753,36.582,11.992,61.24,141.18,140.09,35.109,32.944,317.36,56.93,80.374,14.78,43.03,65.569,54.168,53.355
2017-09-07,96.285,24.57,52.06,38.359,148.11,155.14,54.246,196.85,38.426,84.462,,47.9,34.211,59.365,82.23299999999999,126.22,139.35,104.02,79.23899999999999,27.557,27.394000000000002,36.209,12.0,62.0,140.12,139.98,34.894,33.476,323.9,56.5,81.263,15.77,42.77,64.296,54.257,53.755
2017-09-08,96.295,24.698,51.87,38.399,146.74,156.23,54.006,196.43,38.33,84.88799999999999,,46.681999999999995,34.203,59.946999999999996,82.87799999999999,126.83,138.52,103.89,79.492,28.324,27.174,36.297,11.842,61.13,139.7,140.5,34.54,33.244,326.53,55.92,81.62899999999999,16.01,42.364,64.209,54.236999999999995,54.00899999999999
2017-09-11,96.315,25.288,52.695,38.531,148.75,158.52,54.29600000000001,198.25,38.54,85.429,,47.62,34.347,61.013000000000005,83.35700000000001,127.83,139.38,105.61,80.298,28.939,27.259,36.64,12.2,62.64,140.5,141.58,35.119,34.821999999999996,326.54,57.33,82.262,16.41,42.606,66.245,54.946999999999996,54.467
2017-09-12,97.109,25.761,53.062,38.774,148.96,155.65,53.882,196.16,38.637,84.40299999999999,,48.026,34.846,61.803000000000004,83.88600000000001,128.64,139.61,105.67,79.939,29.229,27.344,37.17,12.792,62.56,141.31,141.32,35.433,35.277,329.69,57.01,82.439,16.51,42.827,66.764,55.411,53.56
2017-09-13,98.031,25.908,53.181999999999995,39.041,148.85,156.97,54.256,197.01,38.376999999999995,83.91,,47.233000000000004,35.125,61.912,84.492,128.45,139.7,105.29,79.676,29.209,27.344,37.485,12.917,62.04,142.24,141.0,35.669000000000004,35.839,324.03,56.82,82.133,16.89,42.895,66.998,55.391000000000005,53.297
2017-09-14,97.119,25.888,53.391000000000005,38.606,148.31,151.0,54.641000000000005,196.41,38.617,84.616,,46.382,34.904,61.685,84.384,128.9,139.4,105.54,79.063,29.011,27.134,38.053000000000004,13.05,62.24,141.74,141.02,35.816,36.139,323.66,57.2,82.242,17.03,42.943000000000005,67.312,55.578,53.745
2017-09-15,97.734,26.095,53.53,38.783,148.8,149.21,53.988,196.86,38.512,84.42299999999999,,46.063,35.654,61.92100000000001,85.78299999999999,129.47,139.77,104.76,79.209,29.189,27.264,38.141,13.067,62.5,141.51,141.07,36.326,36.652,321.26,57.85,81.97399999999999,17.34,42.847,64.57,55.578,53.824
2017-09-18,97.31700000000001,26.44,53.162,38.259,148.79,147.75,53.891999999999996,196.87,38.33,83.223,,46.653,35.961,62.573,86.41,130.3,139.93,104.29,79.18,29.163,27.274,37.857,13.217,62.92,141.12,142.74,36.326,37.446,318.18,55.71,81.954,17.18,42.86600000000001,63.836000000000006,55.886,53.273999999999994
2017-09-19,97.645,26.745,52.993,38.102,149.28,147.7,53.901,193.35,38.205999999999996,83.146,,46.856,36.72,62.988,87.17299999999999,130.53,139.54,104.87,78.626,29.223000000000003,27.324,37.965,13.3,63.83,140.99,144.26,36.553000000000004,38.037,317.93,56.82,81.309,17.14,42.75,63.865,56.174,53.166000000000004
2017-09-20,98.41799999999999,26.971999999999998,53.222,38.071999999999996,148.37,149.51,53.882,194.45,38.454,82.39200000000001,,46.247,36.931,63.402,87.15299999999999,131.44,138.37,104.43,77.693,29.358,27.434,38.141,13.6,64.74,141.46,143.89,36.396,37.204,319.0,55.12,81.388,16.98,42.248000000000005,63.141000000000005,56.372,52.772
2017-09-21,98.101,27.099,52.854,35.364000000000004,147.54,151.88,52.891999999999996,193.91,38.597,82.354,,46.276,36.73,63.58,87.22200000000001,131.81,137.0,104.77,76.846,29.357,27.374000000000002,38.357,13.375,64.63,141.13,143.43,36.523,36.749,315.03,54.15,80.972,16.84,42.026,63.111000000000004,56.251999999999995,52.762
2017-09-22,97.81299999999999,26.872,52.903999999999996,35.818000000000005,147.49,153.32,52.54600000000001,191.75,38.836999999999996,81.473,,46.247,37.085,63.619,87.956,132.23,136.67,105.02,75.406,29.441,27.494,38.672,13.558,65.08,141.38,145.23,36.503,35.916,318.46,53.44,80.972,16.88,42.297,62.994,56.053999999999995,52.32899999999999
2017-09-25,98.775,26.705,52.894,36.283,145.52,153.82,53.315,190.47,38.904,82.334,,45.531000000000006,37.595,63.56,89.052,132.4,137.63,102.49,76.282,29.464000000000002,27.464000000000002,39.535,13.933,63.5,141.09,143.67,36.483000000000004,34.861,317.51,51.06,80.733,16.73,43.271,62.181999999999995,56.153999999999996,52.81100000000001
2017-09-26,97.84299999999999,26.951999999999998,53.361000000000004,35.828,146.34,154.18,53.04600000000001,191.42,38.674,82.025,,45.076,37.21,63.55,89.384,132.42,137.94,102.41,76.447,29.454,27.394000000000002,39.495,14.1,62.94,141.24,143.7,36.789,35.093,317.06,51.34,80.605,16.78,42.972,63.963,55.906000000000006,52.713
2017-09-27,98.448,27.236,52.338,36.689,148.09,155.25,53.363,193.2,38.655,81.17399999999999,,45.405,37.258,64.473,89.825,132.93,137.06,103.35,76.097,29.622,27.694000000000003,39.809,14.117,63.33,142.07,143.3,36.857,35.760999999999996,312.8,53.05,80.575,16.89,42.577,62.357,55.906000000000006,52.005
2017-09-28,97.26799999999999,27.305999999999997,52.298,36.619,148.19,153.03,53.238,194.8,38.647,81.483,,45.405,37.518,64.611,89.816,132.88,137.12,104.04,75.844,29.688000000000002,27.614,39.809,13.725,63.93,141.97,141.25,37.143,35.79,310.0,53.43,80.64399999999999,16.82,42.316,63.033,56.302,52.192
2017-09-29,97.78299999999999,27.691999999999997,51.522,36.777,149.32,152.92,53.229,194.55,38.857,81.154,,45.637,37.641999999999996,64.809,89.639,133.2,137.03,104.7,75.416,29.697,27.803,39.613,14.117,64.02,142.54,141.08,37.387,36.226,313.12,53.32,81.12100000000001,16.77,42.827,63.228,56.302,52.153
2017-10-02,99.06299999999999,27.583000000000002,51.542,36.876,149.51,154.56,53.641000000000005,196.13,39.153,81.58,,46.353,37.585,65.345,90.39200000000001,134.2,136.89,104.9,75.727,29.896,27.823,41.349,14.092,64.18,142.98,140.68,38.359,36.488,316.17,55.03,81.944,17.28,43.088,63.091,56.917,52.24100000000001
2017-10-03,99.99,27.612,51.145,37.311,149.91,153.3,53.978,197.31,39.181999999999995,81.087,,46.798,37.94,65.553,91.616,134.86,136.92,105.05,75.69800000000001,29.965,28.033,42.623999999999995,13.982999999999999,64.22,143.48,140.79,38.664,37.059,317.39,54.47,81.92399999999999,17.52,43.213,62.768,57.155,52.093999999999994
2017-10-04,99.75,27.524,51.751000000000005,37.341,149.69,152.92,54.083,199.15,39.048,81.686,,46.924,37.96,65.266,91.419,134.75,137.47,104.77,75.65,29.859,28.273000000000003,42.948,13.85,64.01,144.11,141.61,38.624,37.902,314.92,54.77,82.322,17.49,43.20399999999999,63.836000000000006,57.175,52.615
2017-10-05,99.311,27.93,51.85,36.936,151.2,153.03,54.467,196.58,38.914,81.513,,47.126999999999995,37.97,65.881,91.322,134.98,137.97,105.7,76.116,29.991,28.403000000000002,43.016999999999996,14.075,65.82,144.89,141.8,38.811,38.366,326.74,54.04,82.382,17.83,43.869,64.541,57.521,52.565
2017-10-06,99.271,27.9,52.088,36.827,151.68,150.61,53.978,196.74,38.866,81.851,,47.465,37.552,65.92,90.823,134.97,136.77,106.18,76.048,30.034000000000002,28.273000000000003,44.077,13.808,66.05,145.0,143.51,38.909,37.795,327.48,54.3,82.272,17.98,43.898999999999994,64.266,57.393,52.527
2017-10-09,98.775,27.84,51.193999999999996,36.55,152.08,147.47,53.861999999999995,194.99,38.857,82.025,,46.488,37.269,65.66199999999999,91.31200000000001,134.45,136.19,106.46,75.221,29.945,28.023000000000003,44.468999999999994,13.85,66.23,144.31,143.29,39.135,37.65,329.01,54.37,81.756,17.9,43.523,65.07,57.383,52.595
2017-10-10,98.785,28.128,51.20399999999999,36.679,152.09,148.74,53.815,193.38,39.029,82.962,,46.672,37.464,65.969,91.459,134.67,137.5,106.76,76.009,30.116999999999997,28.003,44.351000000000006,13.6,66.04,144.22,143.51,38.928000000000004,37.911,332.81,54.61,81.944,17.505,43.465,65.686,57.422,53.106
2017-10-11,97.764,27.969,50.708,36.619,152.71,149.27,54.16,193.96,39.106,83.542,,46.178999999999995,37.162,65.881,91.664,134.61,137.67,107.88,76.058,30.06,28.013,44.606,13.65,67.78,144.29,142.99,38.585,37.814,333.19,55.02,82.104,17.49,43.56100000000001,65.804,57.452,53.332
2017-10-12,96.156,27.86,50.50899999999999,36.57,152.75,149.99,54.18899999999999,191.64,39.259,84.104,,46.498000000000005,34.894,65.47399999999999,92.311,135.23,138.29,107.55,76.01899999999999,30.074,27.604,44.037,13.417,68.86,143.3,145.17,38.477,37.814,333.31,54.56,82.014,17.26,43.376999999999995,65.471,57.56100000000001,53.607
2017-10-13,96.603,27.771,50.658,37.213,153.62,146.51,54.246,191.24,39.249,83.93,,48.365,34.739000000000004,65.384,92.398,134.91,138.58,108.1,75.62,30.241999999999997,27.744,45.008,13.225,68.66,143.78,144.96,38.948,38.405,337.64,54.48,81.806,17.26,43.117,66.53,57.838,53.233999999999995
2017-10-16,97.34700000000001,28.078000000000003,51.04600000000001,36.866,154.19,145.95,54.036,191.91,39.106,84.259,,48.373999999999995,35.196,65.801,88.915,135.14,138.67,107.74,75.533,30.348000000000003,27.784000000000002,44.89,12.967,67.31,144.0,144.06,39.037,38.657,335.68,53.82,81.44800000000001,17.0,42.827,66.82300000000001,57.798,53.11600000000001
2017-10-17,97.575,27.682,51.672,36.442,154.22,145.75,54.199,202.53,39.076,84.626,,48.152,35.254,65.434,88.68,134.66,138.05,106.98,75.426,30.258000000000003,27.764,44.165,13.192,66.67,144.1,144.81,39.066,38.221,344.47,54.83,82.54,16.87,42.431999999999995,66.714,57.65,53.431000000000004
2017-10-18,97.46600000000001,27.781,51.97,36.46,154.79,145.55,53.19,203.87,39.249,84.17200000000001,,46.44,34.748000000000005,65.781,88.29899999999999,134.91,137.9,107.24,74.997,30.393,27.863000000000003,44.263000000000005,13.4,67.26,143.89,145.08,39.516999999999996,38.357,344.58,55.4,82.65899999999999,16.9,41.968,66.059,57.511,53.332
2017-10-19,98.22,27.988000000000003,52.358000000000004,36.55,154.24,149.29,53.614,201.9,39.335,84.955,,46.54600000000001,34.729,65.91,88.445,135.13,137.18,106.47,74.385,30.621,27.754,44.488,13.183,67.25,143.87,145.93,39.36,38.231,342.42,53.31,83.165,16.82,41.94,64.423,57.73,53.893
2017-10-20,98.60700000000001,28.305999999999997,52.725,36.964,155.18,150.1,53.795,206.11,39.086,85.03200000000001,,46.778999999999996,34.583,66.654,88.846,136.62,136.99,106.99,74.618,30.631,27.871,44.744,13.232999999999999,70.97,144.32,147.28,39.694,38.192,338.1,52.94,83.255,16.81,41.332,64.512,58.225,53.931999999999995
2017-10-23,97.912,28.138,53.321000000000005,36.727,154.55,147.63,52.882,205.63,38.876,84.655,,46.382,34.301,66.436,89.277,135.54,136.8,106.97,74.959,30.565,27.524,44.292,13.192,69.8,143.34,146.63,40.086999999999996,38.24,328.55,53.32,83.046,16.64,40.907,64.727,58.11600000000001,53.961000000000006
2017-10-24,97.506,28.305999999999997,53.082,36.589,155.09,149.08,53.738,206.77,38.742,85.09,,46.401,33.921,66.862,89.854,136.31,136.35,107.85,75.11399999999999,30.555,27.404,45.597,13.433,70.21,143.77,147.93,40.205,38.336999999999996,315.73,53.6,82.49,16.68,40.83,65.04,58.443000000000005,54.011
2017-10-25,97.02,28.285999999999998,54.593,36.757,154.19,150.7,51.596000000000004,206.18,36.55,84.85799999999999,,45.55,32.588,66.564,89.73700000000001,134.94,135.99,108.92,75.221,30.4,27.214000000000002,44.263000000000005,13.242,71.02,143.11,148.76,40.038000000000004,37.775999999999996,314.64,53.44,82.37200000000001,16.49,40.029,64.473,58.136,53.775
2017-10-26,97.773,28.552,56.451,37.568000000000005,154.91,142.89,51.326,207.76,35.028,84.48100000000001,,45.657,32.774,66.95100000000001,89.21799999999999,135.4,136.11,109.23,75.192,30.523000000000003,27.254,44.39,13.125,71.34,143.56,150.62,40.598,37.708,307.64,54.26,81.547,16.63,39.769,65.217,58.909,53.785
2017-10-27,97.525,28.77,55.607,37.845,159.44,135.01,51.951,211.18,34.674,85.052,,45.888999999999996,33.056,67.021,90.01,135.45,135.15,109.14,75.192,30.506,27.264,43.793,13.6,71.06,145.29,152.74,43.592,37.747,307.74,57.02,81.528,16.7,40.983999999999995,65.814,58.602,54.119
2017-10-30,97.258,28.712,54.92100000000001,37.17,160.16,134.41,51.912,208.0,35.114000000000004,85.206,,45.773,32.637,66.554,89.06200000000001,134.22,133.82,109.47,73.218,30.483,27.144000000000002,42.54600000000001,13.783,71.15,144.7,150.74,43.563,37.727,315.8,56.31,80.654,16.97,41.293,64.649,58.324,54.128
2017-10-31,97.029,28.601999999999997,54.643,36.664,160.95,137.26,52.133,208.82,34.865,85.399,,46.353,32.744,66.456,89.12,134.08,135.02,109.41,75.221,30.39,27.114,42.163999999999994,13.442,72.56,144.88,150.31,44.662,37.969,311.66,56.0,80.505,16.92,41.611999999999995,65.012,58.483000000000004,54.188
2017-11-01,98.24,28.662,54.722,36.594,160.82,139.04,52.38399999999999,208.13,34.645,84.965,,47.417,32.646,66.564,90.314,133.92,135.39,110.5,75.582,30.393,27.226,42.31100000000001,13.808,72.38,144.87,150.65,45.86,38.599000000000004,315.73,55.72,80.703,16.37,42.141999999999996,63.228,58.77,53.883
2017-11-02,97.565,28.958000000000002,54.772,36.872,160.98,136.45,51.248999999999995,209.7,34.406,85.64200000000001,,47.852,32.277,67.089,91.449,134.69,135.0,110.41,75.902,30.373,26.964000000000002,41.791000000000004,13.75,72.25,143.73,151.44,46.243,37.834,309.4,56.66,80.337,14.685,41.776,63.846000000000004,58.343999999999994,54.08
2017-11-03,97.853,28.82,55.358999999999995,36.763000000000005,162.42,136.99,51.294,211.45,34.598,85.603,,47.62,32.404,66.852,91.566,134.56,134.89,110.79,75.873,30.37,26.964000000000002,41.536,13.558,73.39,144.16,152.92,45.497,37.911,314.14,56.42,81.001,14.545,41.148,64.072,58.31399999999999,54.276
2017-11-06,99.84,28.939,55.68600000000001,36.823,163.09,134.6,51.44,210.71,34.588,84.975,,48.732,31.975,66.832,92.398,134.65,133.56,111.35,74.9,30.483,27.274,41.34,13.567,74.74,145.09,151.97,46.119,38.279,315.47,57.64,80.753,14.49,41.486000000000004,64.306,58.066,54.07
2017-11-07,100.8,28.166,54.801,36.455,163.16,136.32,51.8,211.28,34.282,86.415,,48.248999999999995,32.18,65.89,92.536,134.59,134.69,111.52,76.048,30.396,27.144000000000002,40.908,13.242,74.4,144.12,151.8,46.198,38.744,313.57,56.84,80.922,14.46,41.196000000000005,65.002,58.126000000000005,54.718999999999994
2017-11-08,100.37,28.008000000000003,55.407,36.753,163.99,139.73,51.732,209.37,34.914,86.289,,48.839,32.54,65.533,92.516,134.35,136.14,111.89,77.41,30.416,27.014,41.31,12.825,74.77,144.27,152.25,46.119,39.402,312.58,57.54,81.111,14.65,40.183,64.56,58.18600000000001,54.758
2017-11-09,101.86,27.721999999999998,55.775,37.080999999999996,162.44,139.48,51.623999999999995,210.15,34.709,86.676,,47.504,33.085,65.266,92.389,132.83,136.1,111.57,77.245,30.443,27.174,41.31,12.833,74.1,144.55,151.71,45.724,39.034,309.96,57.12,81.12100000000001,14.25,40.55,64.806,57.69,54.827
2017-11-10,103.94,27.385,55.735,36.723,162.45,136.99,51.05,209.67,34.253,85.961,,47.881,33.299,65.166,91.645,133.0,137.45,111.31,77.547,30.338,27.194000000000003,41.849,13.107999999999999,73.98,145.02,152.56,45.013000000000005,39.034,310.44,56.69,80.595,14.21,40.211999999999996,63.318000000000005,57.6,54.571000000000005
2017-11-13,103.9,27.9,55.556999999999995,37.010999999999996,162.46,137.43,50.864,211.24,34.05,86.91799999999999,,47.581,33.25,65.335,91.31200000000001,132.35,138.09,110.83,77.673,30.252,27.174,42.742,13.425,74.03,145.47,154.16,45.181000000000004,39.17,315.71,55.91,80.67399999999999,13.75,39.329,64.61,57.898,55.22
2017-11-14,102.35,28.316,55.626999999999995,37.319,161.93,135.56,50.056000000000004,210.3,33.943000000000005,88.088,,46.42100000000001,32.812,65.345,90.833,131.83,138.61,111.41,77.215,30.265,27.084,42.183,13.092,74.49,145.6,154.48,45.29,38.55,309.69,55.75,80.347,13.69,39.378,64.649,57.373000000000005,55.908
2017-11-15,102.86,28.166,56.273,37.269,160.79,138.23,49.52,208.46,33.846,87.594,,45.995,32.9,65.503,90.57799999999999,131.12,137.19,109.68,76.642,30.331999999999997,27.044,42.04600000000001,13.283,73.43,145.1,153.13,44.895,37.659,310.28,54.78,80.119,13.57,39.879,64.413,57.025,55.426
2017-11-16,102.77,28.176,56.869,37.855,162.97,142.06,49.345,209.73,34.147,87.126,,46.063,33.591,65.553,91.16,132.52,139.24,110.65,78.113,30.074,27.444000000000003,42.772,13.357999999999999,77.7,146.35,154.92,45.082,38.318000000000005,313.98,55.26,80.952,13.58,40.713,64.453,57.72,55.248999999999995
2017-11-17,102.61,28.158,58.816,38.123000000000005,162.12,141.49,49.365,208.5,34.02,86.45200000000001,,46.023999999999994,33.580999999999996,65.523,91.34700000000001,131.96,138.91,109.45,78.07300000000001,30.1,27.679000000000002,43.04600000000001,14.0,76.38,147.17,155.82,44.075,38.376,313.97,55.77,80.635,13.76,40.114000000000004,64.845,57.798,54.86600000000001
2017-11-20,101.93,28.276,58.876000000000005,38.441,162.79,137.61,49.52,208.85,34.079,86.589,,46.247,33.707,65.861,91.318,132.68,138.91,109.58,78.367,30.159000000000002,27.574,44.027,13.367,76.01,147.48,157.04,44.065,38.202,309.46,56.22,80.297,13.925,39.918,64.757,57.878,54.699
2017-11-21,102.18,28.186,59.013999999999996,38.589,164.73,142.22,48.907,211.18,33.778,86.736,,46.468999999999994,33.406,66.108,92.304,133.71,139.24,111.08,78.446,30.238000000000003,27.813000000000002,44.11600000000001,13.558,77.77,148.31,151.08,44.381,38.86,309.06,56.93,81.001,13.96,39.427,65.609,58.18600000000001,54.847
2017-11-22,101.92,28.128,58.696000000000005,38.599000000000004,164.35,145.15,49.277,209.82,34.02,86.56,,47.398,33.931,65.851,91.978,133.83,139.13,110.45,78.259,30.124000000000002,27.823,43.449,13.692,77.57,148.46,150.92,44.095,38.938,309.8,56.45,80.972,14.19,39.525,65.845,58.026,54.847
2017-11-24,101.82,27.91,58.946000000000005,38.876999999999995,165.23,144.01,49.725,211.09,34.001999999999995,86.706,,47.803999999999995,33.873000000000005,65.73100000000001,92.323,133.83,139.05,111.6,78.191,30.094,27.823,43.615,13.542,78.57,148.76,153.18,44.193000000000005,39.17,308.88,56.47,81.16,14.21,39.28,65.767,58.324,54.935
2017-11-27,101.97,28.108,59.254,39.036,165.1,144.2,48.731,210.99,34.496,86.804,,47.272,33.747,65.691,91.505,134.04,139.16,112.0,78.053,30.241999999999997,27.784000000000002,43.331,13.333,77.84,148.76,154.04,43.93600000000001,38.792,311.73,55.53,81.23,14.2,38.828,65.22399999999999,57.978,55.17100000000001
2017-11-28,102.58,28.939,59.20399999999999,39.701,165.4,147.08,48.771,214.7,34.855,86.902,,47.107,34.466,67.318,92.727,136.06,140.39,112.98,77.436,30.648000000000003,27.993000000000002,44.067,13.467,77.79,150.55,155.06,44.174,38.946999999999996,317.14,55.34,81.82600000000001,14.19,38.641,65.569,58.621,55.426
2017-11-29,104.4,30.146,59.979,40.574,161.14,147.45,49.131,221.4,34.418,86.921,23.22,46.31399999999999,35.498000000000005,68.528,93.57600000000001,137.16,141.25,109.49,79.505,30.965,27.818,42.978,13.5,73.25,151.38,153.49,43.403,38.366,319.96,55.05,82.23200000000001,13.82,38.14,64.77,58.711000000000006,55.456
2017-11-30,103.98,30.195999999999998,60.038000000000004,40.812,162.36,147.41,50.563,227.42,34.02,87.096,22.0,46.324,35.4,68.796,96.18799999999999,139.25,142.54,112.21,79.779,30.859,27.664,42.272,13.95,75.73,152.11,156.49,44.282,38.628,322.12,55.21,82.848,14.14,40.183,64.711,59.037,55.641999999999996
2017-12-01,104.41,30.374000000000002,59.699,41.001000000000005,161.56,146.07,50.768,226.03,34.273,86.65799999999999,21.3,46.711000000000006,35.516999999999996,68.914,96.198,137.76,142.76,110.36,79.623,30.829,27.734,41.977,14.91,75.3,152.07,155.71,44.123999999999995,38.299,319.35,53.16,82.679,14.1,40.36,65.066,58.552,55.456
2017-12-04,109.34,31.037,59.919,41.488,158.59,152.75,50.942,220.69,33.961999999999996,86.55,19.61,46.701,36.266999999999996,69.916,96.15899999999999,138.8,144.19,107.07,80.318,30.859,27.893,42.232,15.13,70.97,153.65,153.81,43.93600000000001,37.747,317.4,51.13,81.666,13.72,39.681999999999995,66.298,59.157,55.141000000000005
2017-12-05,106.36,30.463,60.238,41.288999999999994,158.8,150.36,50.992,219.36,33.827,85.905,21.05,45.647,35.566,69.40100000000001,96.88799999999999,137.55,143.82,108.22,79.063,30.601,27.853,41.986999999999995,14.65,71.2,152.71,153.74,42.898999999999994,36.894,319.87,50.4,81.528,13.76,39.437,65.008,58.858999999999995,54.443999999999996
2017-12-06,104.62,30.265,59.54,41.666000000000004,159.78,150.14,50.466,219.21,33.632,86.24700000000001,21.2,45.888999999999996,35.138000000000005,69.172,96.21799999999999,137.57,144.6,109.37,78.916,30.601,27.764,41.349,14.58,73.14,151.85,155.46,42.919,36.139,314.66,49.71,81.458,13.67,39.446999999999996,65.126,58.512,54.65
2017-12-07,104.42,30.087,60.417,41.706,160.85,149.68,51.06,219.42,33.806999999999995,85.84700000000001,23.85,45.512,35.196,69.37100000000001,96.484,138.73,143.36,111.03,77.809,30.552,27.833000000000002,41.597,14.54,73.69,152.31,154.83,42.535,36.361999999999995,319.57,49.84,81.47800000000001,13.8,40.095,65.244,58.909,54.748000000000005
2017-12-08,104.23,30.058000000000003,61.115,41.676,161.49,152.23,51.644,223.17,34.126999999999995,85.993,25.37,45.618,35.741,69.707,98.15,139.26,143.75,112.22,76.946,30.76,27.803,41.597,14.39,72.84,153.01,154.5,42.81100000000001,36.701,325.87,49.98,82.391,13.9,40.262,65.96300000000001,58.909,54.925
2017-12-11,106.83,29.988000000000003,61.723,41.398,162.91,153.47,52.023999999999994,222.03,34.263000000000005,86.306,29.5,46.372,35.907,69.51899999999999,98.318,138.82,143.63,111.99,76.83800000000001,30.8,27.962,41.25,14.63,73.29,153.4,154.95,43.117,37.069,328.03,50.2,82.738,14.09,41.45,66.081,58.989,55.25899999999999
2017-12-12,107.43,30.136,61.983000000000004,41.398,162.28,154.21,52.023999999999994,221.76,34.467,85.095,29.82,46.131,37.074,70.124,97.677,138.99,143.48,113.08,77.406,30.839000000000002,27.784000000000002,41.111999999999995,14.59,73.62,153.41,155.12,42.791000000000004,37.098,327.75,50.39,83.066,14.02,41.607,65.609,58.998999999999995,54.316
2017-12-13,107.61,29.622,64.10600000000001,41.924,162.49,154.87,51.849,223.61,34.525,85.515,28.9,47.001000000000005,37.016,69.351,98.585,139.52,144.17,112.93,77.73,30.443,27.833000000000002,40.983000000000004,14.38,74.09,153.54,155.75,42.801,37.621,330.71,49.79,83.354,13.95,41.293,64.485,59.157,54.463
2017-12-14,110.57,29.364,64.335,40.048,162.36,156.85,51.382,220.52,34.195,85.515,27.79,46.479,36.724000000000004,68.842,98.15,138.58,143.66,112.54,77.436,30.275,27.973000000000003,40.399,14.31,74.26,153.78,155.48,42.721000000000004,37.398,323.55,49.59,82.51,14.3,41.646,64.257,58.503,54.394
2017-12-15,111.27,29.72,64.595,40.038000000000004,164.25,162.24,50.816,221.09,33.952,85.788,28.72,47.504,37.21,69.62,98.515,139.69,145.13,113.44,77.975,30.584,28.133000000000003,40.538000000000004,13.81,75.65,154.51,158.9,44.006,37.524,327.94,50.68,83.417,14.5,40.949,65.016,58.851000000000006,54.593
2017-12-18,111.03,30.156,64.615,40.306,166.04,159.91,51.001999999999995,221.94,34.253,84.51899999999999,29.85,48.239,37.424,70.248,98.575,140.94,145.33,113.17,77.819,30.524,28.513,41.735,14.19,75.32,156.09,160.38,45.684,38.501999999999995,325.88,51.84,83.447,14.66,40.959,65.657,59.718,53.986999999999995
2017-12-19,111.81,30.304000000000002,64.046,40.247,165.11,159.62,50.523999999999994,221.31,34.312,83.025,32.3,47.861999999999995,37.025999999999996,69.929,97.74600000000001,140.66,145.41,111.77,76.984,30.474,28.453000000000003,42.062,14.27,74.5,155.93,159.13,46.455,38.647,327.02,52.13,83.34700000000001,14.44,40.301,67.166,59.648,53.005
2017-12-20,109.69,30.195999999999998,63.398,40.167,165.07,160.28,50.183,221.65,34.302,82.51700000000001,32.5,48.906000000000006,37.512,69.789,99.304,141.27,145.24,111.75,75.867,30.454,28.373,42.092,14.4,73.97,155.64,158.6,46.968999999999994,38.792,333.47,52.62,83.07799999999999,14.4,39.721,66.742,59.668,52.588
2017-12-21,109.57,30.612,64.575,40.277,164.52,159.04,50.873999999999995,220.96,34.496,82.331,33.88,49.718999999999994,37.834,70.39699999999999,98.67299999999999,141.51,145.21,112.03,76.357,30.494,28.553,41.735,14.41,74.02,156.65,157.87,46.178000000000004,38.453,322.52,52.43,82.889,14.19,40.095,65.40100000000001,59.876999999999995,51.963
2017-12-22,108.67,30.522,63.099,40.177,164.35,158.09,51.839,219.27,34.089,82.204,35.98,49.409,37.891999999999996,70.238,99.473,141.45,145.49,112.31,76.71,30.504,28.433000000000003,41.597,14.61,73.89,156.29,157.75,46.119,38.608000000000004,319.5,52.38,82.62,14.1,40.625,65.411,60.106,52.043
2017-12-26,108.12,30.364,63.458,40.128,163.06,158.55,51.888000000000005,218.88,34.321,81.64699999999999,38.63,49.728,38.008,69.979,100.21,141.66,145.74,112.61,76.583,30.544,28.333000000000002,41.379,14.82,74.27,156.48,158.18,45.506,38.376,319.78,51.56,82.64,14.41,40.811,64.76,60.056000000000004,51.735
2017-12-27,107.64,30.344,62.76,40.098,163.18,157.67,51.8,219.69,34.506,82.01899999999999,37.87,50.047,37.843,69.939,100.63,142.01,145.62,113.64,76.455,30.544,28.223000000000003,40.894,14.49,74.59,156.16,157.97,45.536,38.56,320.07,51.96,82.779,14.43,40.537,65.815,60.136,51.953
2017-12-28,107.77,30.484,62.76,40.296,163.41,157.38,52.111999999999995,222.03,34.448,82.02799999999999,39.1,51.023999999999994,38.125,70.22800000000001,100.53,142.31,145.55,113.97,76.39699999999999,30.663,28.213,40.963,14.97,74.17,156.63,157.83,45.646,38.83,320.33,52.28,82.899,14.25,40.389,65.539,60.405,52.24100000000001
2017-12-29,107.51,30.195,62.361000000000004,39.81,162.43,155.6,52.073,219.73,34.418,82.145,39.51,51.18899999999999,37.834,69.79899999999999,99.73,141.87,145.47,113.64,76.23899999999999,30.564,28.083000000000002,40.577,14.63,73.62,155.6,157.04,45.586000000000006,38.76,318.57,51.86,82.391,14.2,38.828,65.431,60.29600000000001,52.271
2018-01-02,111.8,30.275,63.299,39.621,164.88,158.65,53.242,220.43,35.836,81.286,38.44,52.949,37.501999999999995,69.749,100.32,142.88,144.75,114.13,75.494,30.175,28.496,41.379,15.07,73.84,157.69,157.97,46.266999999999996,39.67,334.17,53.23,83.31700000000001,14.57,40.576,65.805,61.152,51.785
2018-01-03,112.28,30.364,63.288999999999994,39.235,166.58,156.41,54.108999999999995,222.74,35.699,81.032,37.01,53.141999999999996,36.637,69.969,100.99,143.35,144.6,115.26,75.50399999999999,30.225,28.583000000000002,42.388999999999996,15.24,76.75,158.48,158.41,44.696999999999996,39.88,339.85,54.01,84.11399999999999,14.89,41.391000000000005,65.953,61.581,51.378
2018-01-04,112.23,30.474,63.248999999999995,39.333,167.5,154.72,54.751999999999995,223.71,35.768,80.39699999999999,35.71,52.9,36.977,70.706,100.71,144.42,145.07,115.69,76.387,30.534000000000002,28.593000000000004,43.696000000000005,15.0,76.72,158.86,161.25,43.878,39.84,339.99,53.86,84.234,15.08,41.597,65.905,62.118,50.951
2018-01-05,111.62,30.553,63.787,39.284,169.1,156.81,54.615,227.98,36.398,80.02600000000001,35.0,52.746,37.113,70.895,100.72,145.23,145.56,118.46,76.318,30.584,28.851999999999997,43.567,14.79,78.7,160.14,163.34,44.144,40.5,342.49,53.89,84.95200000000001,15.11,40.841,65.362,62.617,50.931000000000004
2018-01-08,110.02,30.523000000000003,64.355,39.105,169.81,158.8,55.181000000000004,224.02,36.292,80.28,34.69,53.818999999999996,37.22,70.796,100.63,145.87,146.0,118.94,76.946,30.484,28.881999999999998,43.775,14.6,79.05,160.39,163.44,44.184,41.08,329.65,53.72,84.64299999999999,14.99,40.988,65.116,62.706,51.407
2018-01-09,109.94,31.09,63.897,39.075,169.36,160.28,55.035,225.13,35.854,79.342,34.1,53.906000000000006,36.964,71.374,100.29,146.47,145.79,118.71,77.082,30.534000000000002,28.862,43.606,14.99,79.19,160.57,164.47,43.077,40.86,336.36,53.01,85.639,14.7,41.244,66.67399999999999,62.607,50.901
2018-01-10,109.47,31.419,64.02600000000001,38.629,168.71,160.31,55.278,223.46,35.321,78.238,34.25,54.235,36.106,71.892,100.64,146.35,144.88,118.58,76.367,30.603,28.892,42.567,14.71,79.36,160.41,163.13,41.972,40.31,336.72,51.47,85.49,14.97,41.43,66.98899999999999,62.228,50.346000000000004
2018-01-11,110.99,31.686999999999998,64.096,38.629,169.66,161.94,56.856,224.65,35.748000000000005,77.428,35.58,55.357,35.968,72.36,100.93,148.37,144.93,119.44,75.622,30.872,29.226999999999997,43.745,15.04,79.75,163.13,162.61,42.87,40.45,333.07,52.34,85.85799999999999,15.14,42.038999999999994,67.827,63.045,50.157
2018-01-12,112.47,32.185,64.475,38.827,170.61,165.88,57.158,227.89,36.388000000000005,77.057,35.05,55.773,36.382,72.938,103.5,149.6,144.91,119.69,75.83800000000001,30.951999999999998,29.462,43.626000000000005,15.19,80.54,164.95,164.13,42.703,40.67,335.95,52.84,86.516,15.59,42.893,68.704,63.144,49.87
2018-01-16,110.69,32.115,63.229,38.729,169.82,170.28,57.285,232.13,36.796,76.58800000000001,32.53,53.945,36.205,72.59899999999999,102.05,148.15,145.6,119.99,77.102,30.783,29.162,43.745,14.63,80.42,163.71,161.91,42.603,39.83,338.85,53.21,86.945,15.03,42.883,67.551,62.407,49.76
2018-01-17,111.97,32.324,63.618,38.867,172.46,172.45,57.88,237.64,37.019,76.578,35.74,54.419,36.333,73.207,104.67,148.96,147.28,121.57,78.50399999999999,31.081,29.487,43.586999999999996,14.88,82.47,164.59,163.91,43.838,39.96,344.87,53.99,87.78200000000001,14.82,42.391999999999996,68.468,62.696000000000005,50.068000000000005
2018-01-18,110.42,32.006,63.917,38.797,172.7,171.4,56.641999999999996,242.36,37.039,75.533,34.28,54.39,36.629,73.038,103.81,148.19,146.75,122.7,77.72,30.892,29.541999999999998,43.418,14.64,82.94,164.47,164.02,43.926,38.46,344.44,54.8,87.802,15.1,41.823,68.044,62.656000000000006,49.75
2018-01-19,110.59,32.334,67.007,39.105,172.9,169.98,56.818000000000005,242.55,37.067,75.025,35.08,54.206,36.688,73.616,104.14,148.87,148.5,122.29,78.10300000000001,31.081,29.732,42.716,14.29,83.84,166.08,167.35,44.263000000000005,38.16,342.41,52.76,88.13,15.0,41.823,67.59,63.035,49.602
2018-01-22,111.1,32.603,66.19,38.806999999999995,174.43,172.58,58.336999999999996,242.76,37.417,75.153,37.3,54.593,37.339,74.164,105.17,148.83,149.62,123.91,78.602,31.718000000000004,30.081,42.854,14.51,83.98,167.72,168.28,45.181000000000004,38.02,347.64,51.6,88.708,14.97,42.618,67.88600000000001,62.885,49.67100000000001
2018-01-23,110.41,32.751999999999995,66.938,38.946999999999996,175.71,170.22,58.922,244.4,37.543,75.895,35.61,53.82899999999999,36.668,74.234,105.39,149.03,149.21,124.23,78.7,31.878,30.361,42.943000000000005,14.65,84.21,168.98,168.02,45.486999999999995,38.28,346.75,51.74,88.28,15.31,42.677,67.541,62.876000000000005,50.147
2018-01-24,110.5,33.16,67.795,38.927,173.97,174.19,59.146,244.04,37.504,75.435,35.58,54.303000000000004,36.5,74.60300000000001,103.16,148.73,149.41,124.13,78.29899999999999,31.908,30.365,43.715,14.67,83.71,169.58,167.16,44.943999999999996,38.34,346.5,51.65,88.539,15.28,42.216,70.163,63.144,49.84
2018-01-25,110.55,32.672,67.506,38.321,173.32,174.81,59.019,244.37,37.222,77.057,34.27,53.925,36.924,74.443,102.7,148.78,149.5,124.8,78.113,32.027,30.461,42.725,14.71,84.34,169.2,167.43,44.736999999999995,38.65,353.74,50.59,89.296,15.42,42.49100000000001,69.759,63.563,50.614
2018-01-26,112.19,33.18,67.835,38.223,176.21,176.33,59.355,247.65,37.883,76.988,34.68,54.457,37.289,74.872,105.1,150.24,150.26,125.9,77.837,32.137,30.904,43.052,14.45,85.45,170.62,170.04,49.458,38.58,367.91,51.35,91.22,15.78,42.568999999999996,70.637,63.842,50.643
2018-01-29,111.54,33.001,67.376,38.371,174.74,175.94,58.703,246.59,37.329,75.485,33.16,54.786,36.736999999999995,74.57300000000001,102.78,149.35,149.53,124.42,76.88600000000001,31.908,30.831,42.586999999999996,13.84,84.31,170.05,168.82,49.358000000000004,38.27,358.48,51.22,90.97,15.43,42.226000000000006,70.922,63.115,49.998999999999995
2018-01-30,110.11,32.851,67.127,38.76,172.93,171.37,57.95399999999999,235.87,36.981,75.846,31.59,54.321999999999996,36.915,73.736,100.84,148.1,148.58,123.14,76.96600000000001,31.529,30.691,42.27,13.68,83.78,169.18,168.11,48.183,37.67,352.59,50.37,89.057,15.1,42.078,70.775,62.656000000000006,50.088
2018-01-31,108.67,32.931,68.014,38.281,174.11,168.51,58.082,236.0,36.398,76.666,32.43,54.263999999999996,36.979,73.785,100.96,148.39,147.96,123.81,76.858,31.39,30.486,41.983000000000004,14.01,85.32,168.6,167.51,47.542,37.54,347.81,49.57,87.792,15.08,41.97,70.597,62.706,50.643
2018-02-01,110.49,33.488,67.446,38.51,174.03,165.9,58.95,234.44,36.475,75.045,33.85,54.66,38.61,74.553,99.443,148.36,147.31,125.3,77.03399999999999,31.708000000000002,30.691,42.003,13.61,78.4,166.95,165.26,47.056999999999995,36.89,346.0,50.75,87.821,15.06,42.028999999999996,70.104,61.85,49.85
2018-02-02,108.7,32.961,67.017,38.137,168.93,158.86,56.986000000000004,231.11,36.0,74.743,30.98,52.543,37.536,73.068,95.646,145.14,144.4,120.51,75.681,31.29,30.250999999999998,40.586999999999996,12.97,76.57,165.23,163.04,45.576,35.45,343.83,46.75,86.586,14.68,41.45,68.961,60.226000000000006,49.492
2018-02-05,104.7,31.538,64.196,36.976,162.14,152.05,54.825,219.29,34.438,74.039,31.03,51.537,36.116,69.59,93.87200000000001,138.51,139.34,115.88,72.809,30.275,29.326999999999998,39.141999999999996,12.67,74.705,159.65,157.28,43.966,34.17,328.31,44.89,82.749,13.97,41.056999999999995,67.077,57.925,48.678999999999995
2018-02-06,106.17,31.857,65.023,36.866,166.78,152.18,55.674,224.44,34.923,72.75,31.68,53.373999999999995,36.313,70.626,95.51799999999999,140.91,140.75,119.57,72.857,30.295,29.682,41.43899999999999,12.8,75.68,163.25,160.5,44.652,34.97,332.86,43.4,83.666,14.33,42.137,68.29,59.817,47.955
2018-02-07,104.76,32.175,65.432,37.025999999999996,164.39,152.49,55.832,225.07,34.961999999999996,72.66199999999999,29.79,52.126999999999995,36.412,70.85600000000001,94.266,141.26,140.19,119.25,72.102,30.484,29.622,41.963,11.83,75.59,163.17,160.92,44.941,35.15,326.96,42.12,83.566,14.17,41.843,68.142,59.278999999999996,47.726000000000006
2018-02-08,101.35,30.941,62.302,36.558,157.64,149.9,53.681000000000004,215.75,35.097,72.584,28.25,50.55,35.071,67.866,91.14,135.91,137.25,113.48,70.18,29.429000000000002,29.291999999999998,40.34,11.7,72.32,156.76,152.39,42.505,34.1,311.79,40.27,80.667,14.12,40.311,65.815,57.198,47.191
2018-02-09,103.09,31.816999999999997,65.293,36.876,161.5,148.6,53.611999999999995,220.23,35.408,74.32300000000001,29.39,51.953,35.544000000000004,69.072,91.29799999999999,137.24,137.61,115.93,69.984,29.767,29.482,41.043,12.58,74.75,157.68,156.69,43.698,34.5,316.78,42.38,81.813,15.44,39.721,66.12100000000001,58.193999999999996,48.183
2018-02-12,103.39,32.095,65.781,37.106,164.61,148.69,55.802,224.95,35.195,75.015,31.35,53.373999999999995,35.86,69.949,92.274,139.31,138.88,118.07,70.406,29.965999999999998,29.776999999999997,41.577,13.03,75.28,159.83,159.07,44.583,35.52,316.63,42.57,82.58,15.89,40.33,67.797,59.369,48.55
2018-02-13,104.12,32.225,65.671,36.856,165.15,145.86,56.088,225.89,35.38,75.279,32.21,53.876999999999995,36.086,70.307,92.44200000000001,139.63,139.43,117.95,70.308,30.016,30.101,40.983000000000004,13.34,74.97,160.62,158.99,44.205,35.37,316.99,42.15,82.64,16.53,40.605,67.777,59.22,48.768
2018-02-14,104.6,33.08,67.755,37.484,168.59,148.44,56.71,228.03,35.728,73.717,32.99,56.13,35.899,71.902,92.01799999999999,141.48,139.54,120.43,70.514,30.663,30.689,41.388999999999996,14.56,77.27,163.15,163.51,45.12,36.2,295.9,42.29,83.57600000000001,16.58,39.869,68.931,60.016999999999996,48.222
2018-02-15,105.18,33.031,68.084,37.524,171.93,148.37,57.036,225.27,36.204,75.308,32.07,56.961999999999996,36.481,72.35,91.46600000000001,143.39,141.66,122.08,71.289,30.743000000000002,30.801,41.428999999999995,14.79,78.28,164.71,168.92,45.656000000000006,36.76,299.38,42.56,84.50299999999999,16.61,40.281,68.615,60.465,49.294
2018-02-16,106.53,32.961,68.094,37.345,171.38,150.17,56.158,228.61,36.583,75.80199999999999,32.57,55.918,36.619,72.39,91.38600000000001,143.55,142.44,121.65,69.415,30.912,30.791,40.676,14.76,78.37,163.95,171.29,45.299,36.26,291.87,41.78,85.111,16.33,39.86,68.517,60.246,49.731
2018-02-20,105.98,33.04,67.286,37.265,171.93,148.52,56.266000000000005,225.91,36.224000000000004,74.804,31.86,54.419,36.254,72.101,90.39299999999999,142.11,139.34,121.81,67.367,30.703000000000003,30.671,40.359,14.46,77.06,163.25,173.16,46.053999999999995,36.12,287.45,43.83,84.17399999999999,16.39,40.29,68.468,59.977,49.086000000000006
2018-02-21,105.05,33.269,66.848,37.335,171.09,149.26,55.358000000000004,224.39,36.097,74.44800000000001,32.62,54.129,35.8,72.161,88.992,142.25,137.62,120.24,66.15100000000001,30.733,30.719,40.152,14.25,76.51,163.09,172.92,45.676,35.97,286.1,42.9,83.825,16.5,39.67,68.596,59.768,48.441
2018-02-22,105.24,32.707,66.928,37.125,171.17,149.76,56.424,226.34,36.097,74.656,32.73,54.747,35.958,71.493,89.538,142.96,137.92,120.19,66.317,30.424,30.531,40.498000000000005,14.54,77.7,163.3,171.7,45.537,36.43,284.81,42.69,83.696,16.34,39.09,67.673,60.166000000000004,48.68899999999999
2018-02-23,107.25,33.279,67.954,37.434,174.74,152.31,57.253,229.4,36.364000000000004,76.316,32.98,55.192,36.205,72.52,91.227,144.15,139.28,122.73,67.671,30.733,30.921,40.498000000000005,14.97,79.69,165.46,171.38,47.456,37.23,292.78,43.3,85.031,16.46,39.32,68.22800000000001,61.053000000000004,49.958999999999996
2018-02-26,109.81,33.588,69.44,37.414,177.55,154.18,56.71,233.29,36.522,77.008,32.84,56.101000000000006,36.934,73.457,91.913,145.85,140.15,124.39,68.376,30.951999999999998,31.23,41.122,14.98,79.35,166.81,172.3,48.828,35.96,290.01,44.25,86.10700000000001,16.82,39.8,68.109,61.321999999999996,49.81
2018-02-27,104.87,33.09,67.825,36.976,175.97,153.34,56.246,231.75,36.038000000000004,75.436,32.21,54.68899999999999,36.353,72.749,91.515,144.06,138.33,123.17,66.543,30.783,30.761,39.766,15.92,79.46,163.37,169.95,49.623999999999995,35.62,290.1,43.66,85.211,16.72,39.59,66.968,60.475,49.016000000000005
2018-02-28,103.16,32.881,66.828,36.279,174.82,149.23,55.585,225.41,35.841,74.458,31.69,52.91,35.791,71.782,89.777,141.88,136.95,122.74,65.73899999999999,30.275,30.631,38.954,16.07,79.41,162.38,166.47,49.007,34.22,288.99,44.31,83.845,16.59,39.29,66.393,59.398999999999994,48.678999999999995
2018-03-01,102.57,32.623000000000005,66.12,35.461999999999996,172.0,146.54,55.763000000000005,223.71,35.505,74.676,31.55,52.64,35.495,70.736,90.273,139.6,136.62,120.21,65.582,29.897,30.111,37.409,16.43,78.64,160.73,163.96,47.565,33.54,282.35,43.04,82.51,16.6,39.55,65.47,58.791000000000004,48.68899999999999
2018-03-02,102.99,32.742,65.89,36.039,173.93,149.9,56.325,224.45,35.751999999999995,74.468,31.69,51.48,35.84,71.065,90.77,139.63,137.83,120.58,65.857,30.016,30.628,37.053000000000004,16.72,78.87,161.05,168.45,48.699,33.62,286.96,43.6,83.34700000000001,17.25,39.0,64.468,58.732,48.56
2018-03-05,103.41,33.19,65.05,36.657,175.7,151.31,56.158,227.63,36.304,76.583,31.18,52.25,36.185,72.061,92.449,141.24,139.19,121.68,66.111,30.872,31.02,37.36,17.45,79.07,162.72,169.78,49.465,33.61,286.95,43.76,84.105,17.63,38.82,64.686,59.50899999999999,49.552
2018-03-06,104.94,33.488,65.24,37.116,176.41,151.17,56.266000000000005,225.43,36.453,74.972,32.08,53.22,36.353,72.45,93.31299999999999,142.08,139.3,120.87,66.445,31.101,31.25,37.548,17.31,79.23,164.05,169.07,50.419,34.41,285.98,44.17,83.985,17.74,38.51,65.639,60.166000000000004,48.887
2018-03-07,103.59,33.508,64.17,37.205,177.55,151.75,55.96,226.52,36.778,74.369,31.9,52.61,36.391999999999996,72.41,93.602,142.11,138.16,121.65,66.141,31.141,31.29,37.36,17.48,79.52,163.07,170.26,51.026,34.37,284.54,43.76,84.413,18.14,38.44,65.5,59.946999999999996,48.52
2018-03-08,104.03,33.498000000000005,65.11,37.076,178.23,153.98,55.852,224.73,37.035,75.1,31.46,51.91,36.589,72.52,94.565,142.86,139.26,122.02,66.289,31.151,31.21,37.84,17.9,79.87,163.56,171.07,50.449,34.64,284.69,44.63,84.98100000000001,17.76,38.59,66.214,59.997,48.876999999999995
2018-03-09,104.73,34.035,66.3,37.305,181.63,155.79,56.552,225.43,36.876999999999995,75.23899999999999,28.69,52.07,36.53,74.164,95.28,145.93,140.17,124.31,66.527,31.838,31.66,37.84,17.55,80.71,165.96,176.76,51.891000000000005,35.5,286.1,45.63,86.20700000000001,17.98,38.95,66.94800000000001,61.082,49.016000000000005
2018-03-12,105.17,34.085,66.82,37.654,182.56,157.8,56.82899999999999,222.77,37.163000000000004,75.654,29.83,52.22,36.836,73.955,94.366,144.55,140.02,124.04,66.992,31.619,31.73,37.83,17.12,80.6,166.43,176.92,51.224,35.76,279.9,45.14,85.838,17.81,39.85,66.839,60.933,49.225
2018-03-13,103.73,33.885999999999996,66.17,37.743,180.07,157.69,56.996,226.94,36.65,75.575,29.47,52.04,36.865,73.247,93.929,143.95,139.85,123.0,66.666,31.599,31.296999999999997,38.01,16.25,80.2,165.36,177.27,51.483000000000004,35.67,283.24,44.52,85.948,17.62,40.65,67.048,60.684,49.333999999999996
2018-03-14,103.9,33.448,66.2,37.395,180.07,155.44,56.403999999999996,225.38,36.63,76.09899999999999,29.97,52.2,36.51,72.4,93.59200000000001,142.4,138.46,122.38,65.884,31.36,31.6,37.69,15.54,83.31,164.83,176.88,51.562,35.71,285.72,43.35,85.53,17.45,39.8,66.442,59.937,49.84
2018-03-15,103.24,33.399,66.39,37.414,180.12,153.96,55.891000000000005,229.48,36.443000000000005,75.842,29.83,52.6,36.52,72.45,93.84,142.6,137.41,123.21,64.775,31.37,31.443,37.85,15.27,82.57,164.64,177.52,50.588,35.59,286.7,43.06,85.39,18.12,35.49,66.214,59.15,49.81
2018-03-16,102.87,33.548,65.91,37.444,179.83,152.33,57.04600000000001,227.86,36.798,76.682,31.04,52.58,36.481,72.59,95.161,143.34,137.62,124.33,64.67699999999999,31.62,31.465,37.94,15.5,82.16,164.57,178.17,50.876000000000005,35.49,287.62,44.79,85.39,17.76,36.26,66.393,59.15,50.25
2018-03-19,101.48,33.448,65.71,36.926,175.94,147.62,55.723,225.05,36.413000000000004,76.138,30.18,51.62,36.067,72.12,93.78,142.38,136.3,123.01,63.281000000000006,31.55,30.7302,37.01,15.4,80.3,162.59,175.33,50.538000000000004,34.69,278.37,42.69,84.01,17.55,35.01,67.107,58.3,49.94
2018-03-20,101.35,33.359,66.8,36.388000000000005,175.72,141.81,56.878,226.78,36.285,75.535,29.93,51.7,35.83,72.22,94.476,142.79,135.88,124.71,62.519,31.74,30.5,36.89,15.56,80.86,163.37,177.74,51.254,34.56,279.68,43.45,84.13,17.58,34.0,67.325,58.24,49.71
2018-03-21,101.82,33.448,66.35,36.766999999999996,174.89,142.92,57.687,222.82,36.285,75.288,29.87,53.26,35.495,72.24,95.51899999999999,143.11,134.39,123.02,61.342,31.74,30.66,37.58,15.6,81.04,163.38,176.25,51.263999999999996,34.81,277.29,43.4,83.77,17.78,33.7,66.542,58.9,49.54
2018-03-22,100.6,32.135,64.42,37.524,170.28,141.69,56.571999999999996,215.21,35.683,75.298,29.42,50.79,34.874,69.7,94.07799999999999,138.5,133.15,119.8,59.897,31.01,29.94,36.35,15.27,78.56,159.81,174.42,50.538000000000004,33.9,271.89,42.14,81.36,17.06,32.74,65.688,57.14,49.76
2018-03-23,98.54,30.872,64.63,36.448,165.68,139.04,56.0,212.55,36.936,74.29,29.47,50.51,34.213,67.61,92.777,136.36,131.56,116.81,59.402,30.32,29.43,35.17,15.41,76.44,156.93,169.47,49.077,33.21,260.13,40.7,79.67,16.92,32.33,63.912,56.02,49.06
2018-03-26,100.65,31.956,65.9,38.501,172.45,139.29,56.266000000000005,219.07,36.946,75.031,29.42,51.45,34.203,69.73,95.37,139.54,133.37,120.45,61.005,31.02,30.09,35.99,15.7,78.95,161.25,174.12,52.178999999999995,33.71,268.2,41.81,81.32,17.31,33.09,65.291,57.17,49.57
2018-03-27,99.36,31.18,66.17,38.330999999999996,166.27,138.75,56.207,217.96,37.894,76.197,27.45,50.69,34.41,68.4,95.08200000000001,137.48,133.32,117.21,60.065,30.61,29.28,34.87,15.47,76.31,158.18,172.85,50.896,33.28,265.16,40.6,80.36,16.59,32.61,65.222,56.59,50.28
2018-03-28,98.54,31.56,65.44,38.62,164.61,140.66,54.894,218.5,38.871,76.514,27.73,50.2,35.061,68.59,93.711,137.06,135.06,116.8,60.728,30.95,29.03,35.47,15.22,75.06,156.32,170.53,49.315,32.54,271.82,39.33,80.79,16.83,32.94,64.14,55.87,50.26
2018-03-29,100.44,31.75,66.44,38.7,168.21,140.87,56.167,214.0,38.565,76.563,28.97,51.53,35.15,69.47,95.29,139.11,136.12,119.43,61.638999999999996,31.02,29.34,36.34,15.43,75.87,158.62,172.95,51.781000000000006,32.98,273.82,40.63,81.4,16.93,33.64,65.07300000000001,56.94,50.53
2018-04-02,98.66,30.95,64.12,38.012,163.92,139.81,55.398,217.2,38.348,76.197,28.5,51.31,34.607,67.98,94.32700000000001,136.1,132.77,118.2,59.431999999999995,30.49,28.73,35.76,14.5,75.0,154.05,169.48,48.638999999999996,32.18,266.89,38.55,79.55,16.79,33.23,64.12,55.7,50.14
2018-04-03,99.42,31.56,66.7,38.241,165.62,140.53,55.852,224.58,38.772,76.35600000000001,29.18,51.29,34.874,68.85,95.54899999999999,138.2,134.6,119.01,59.61,30.85,28.83,36.94,14.9,74.56,156.09,170.07,49.465,32.42,266.48,38.73,80.76,16.97,33.08,63.99100000000001,56.49,50.31
2018-04-04,100.95,32.28,68.42,38.251,168.16,141.35,55.773,228.79,39.404,76.8,29.07,50.98,35.376,69.6,95.36,138.91,136.68,119.62,60.738,31.04,29.17,38.03,15.04,74.78,159.09,172.65,49.703,32.54,272.4,39.48,81.91,17.37,33.04,64.47800000000001,56.86,50.42
2018-04-05,102.11,32.33,69.59,38.58,168.58,142.61,56.681000000000004,229.07,39.345,77.68,29.83,51.52,35.633,70.07,97.12799999999999,140.31,137.1,121.0,60.669,31.07,29.34,38.0,15.6,76.95,161.33,171.43,50.091,33.17,264.98,39.01,81.85,17.68,33.4,65.00399999999999,57.92,50.82
2018-04-06,100.35,31.24,67.55,37.952,164.57,139.71,55.94,223.96,39.414,77.245,29.35,50.55,35.13,68.45,96.333,136.48,135.74,117.51,59.907,30.58,28.93,37.68,14.95,73.86,157.98,167.29,48.51,32.7,257.65,38.54,79.88,17.33,32.9,64.01100000000001,56.51,50.42
2018-04-09,99.7,31.4,67.18,38.441,165.77,140.03,56.0,222.73,39.769,77.551,29.74,50.93,35.17,68.66,97.098,136.11,135.59,118.6,60.016000000000005,30.54,29.03,37.83,15.11,75.19,157.62,169.39,49.266000000000005,32.59,257.52,37.51,80.67,17.11,32.7,64.359,56.82,50.52
2018-04-10,101.37,31.78,67.0,39.527,169.97,143.2,57.538999999999994,226.79,40.45,76.613,31.1,53.14,35.81,69.73,99.59,138.21,136.08,120.53,60.61,30.8,29.5,39.07,15.62,76.79,159.59,171.31,50.976000000000006,33.11,265.09,38.42,82.03,17.14,33.81,62.611999999999995,57.99,50.13
2018-04-11,100.8,31.47,66.83,39.597,169.39,143.08,57.845,221.9,40.045,76.178,31.14,53.14,35.25,68.99,101.88,137.29,135.8,119.59,60.896,30.72,29.335,39.0,15.71,76.5,158.99,171.59,50.806999999999995,33.03,265.99,38.61,81.36,18.1,34.15,63.148,57.56,50.06
2018-04-12,100.39,32.26,67.77,39.775999999999996,171.6,143.94,57.549,224.24,40.095,75.249,30.94,53.81,35.16,70.12,101.96,139.05,135.58,120.88,60.303000000000004,30.92,29.4,38.83,15.67,77.46,159.5,173.63,52.417,33.28,267.44,39.82,81.91,18.75,33.93,63.257,58.17,49.4
2018-04-13,100.35,31.41,67.25,39.876,170.88,142.85,57.736000000000004,224.28,40.055,75.773,31.52,54.26,35.14,69.12,103.06,138.69,136.12,120.56,60.283,30.81,29.3557,38.73,15.74,77.27,158.71,171.99,51.562,33.41,265.39,39.28,81.87,18.71,33.7,62.453,58.11,49.79
2018-04-16,100.24,31.49,67.06,40.613,172.11,147.88,58.96,230.32,39.946999999999996,77.047,30.57,54.23,35.64,69.45,106.12,140.325,137.67,121.68,60.55,31.11,29.5427,39.17,15.81,77.8,159.98,175.3,52.099,33.38,263.11,39.52,82.52,18.97,34.82,63.585,58.89,50.47
2018-04-17,102.17,30.94,67.51,41.27,175.77,149.5,58.881,238.55,39.986,77.581,32.39,54.74,35.36,69.34,107.15,141.44,138.04,123.6,61.045,31.13,30.2,39.22,15.79,80.03,162.58,181.0,53.233000000000004,33.42,264.75,39.6,83.16,18.82,35.29,63.674,59.56,50.98
2018-04-18,101.21,30.78,66.2,41.48,175.07,149.28,59.038999999999994,236.4,39.917,77.36399999999999,34.65,56.85,35.21,69.09,108.18,142.74,137.08,124.28,60.153999999999996,31.08,30.23,38.93,16.22,80.34,163.43,181.19,53.302,33.86,268.03,38.98,83.23,18.83,34.86,64.765,59.99,50.79
2018-04-19,100.89,31.36,65.73,41.42,172.94,147.1,58.95,235.76,39.364000000000004,77.601,34.91,56.56,34.82,70.07,109.91,142.25,133.34,123.76,59.105,31.18,30.27,37.77,16.12,79.68,162.67,179.41,51.92,33.94,266.02,37.74,82.53,18.84,34.75,64.557,59.32,50.76
2018-04-20,100.24,31.42,66.09,41.46,170.22,146.25,58.753,235.06,39.483000000000004,76.771,33.91,56.6,34.67,70.18,110.26,141.64,131.24,124.0,57.611000000000004,31.23,29.9,37.61,15.64,78.73,160.91,178.13,51.233999999999995,33.73,263.02,36.72,82.09,18.27,34.62,65.37100000000001,59.0,50.3
2018-04-23,100.15,31.93,66.88,41.39,169.51,148.33,59.167,234.34,39.809,77.077,33.87,55.52,34.89,70.16,110.72,141.39,131.02,124.26,57.077,31.27,29.775,37.69,15.65,78.21,161.28,180.3,50.806999999999995,33.47,259.3,36.05,82.41,18.6,35.35,65.758,58.83,50.33
2018-04-24,99.46,33.25,66.97,41.47,166.21,148.89,58.605,234.22,40.115,77.304,32.54,55.68,35.0,69.87,108.51,137.72,130.35,121.08,55.93899999999999,31.18,29.28,37.93,14.76,75.28,158.96,178.57,51.155,33.07,262.15,35.47,81.79,18.37,35.2,65.033,57.24,50.67
2018-04-25,101.15,33.54,66.67,41.35,166.14,151.71,58.812,234.9,38.614000000000004,77.967,32.88,55.23,35.2,69.77,109.07,137.99,130.62,121.02,56.256,31.15,29.27,38.11,14.4,74.0,159.55,176.37,51.085,32.74,269.45,35.36,82.16,18.19,35.44,65.559,57.55,50.68
2018-04-26,99.84,33.62,68.05,41.4,169.61,153.96,59.335,237.03,39.68,78.905,32.62,55.68,33.1,69.74,111.78,137.37,131.27,126.88,56.73,31.16,29.51,38.25,14.3,76.03,161.95,185.18,52.746,33.0,273.86,36.12,83.2,18.33,35.59,63.813,57.91,51.19
2018-04-27,99.23,33.83,69.56,41.37,169.03,158.13,59.88,240.18,40.036,79.558,31.21,55.14,33.04,69.87,110.61,137.26,131.93,125.81,57.056999999999995,31.21,29.1,37.65,14.63,74.13,162.39,186.59,52.427,33.17,276.8,36.21,83.54,17.85,35.23,63.861999999999995,57.76,51.71
2018-04-30,100.33,33.17,68.39,41.4,168.01,156.21,60.22,236.4,39.591,79.222,31.45,54.95,32.7,69.22,110.58,135.38,131.07,126.68,55.79,30.89,29.18,36.74,14.86,74.61,161.68,184.79,51.324,33.05,273.6,36.47,82.26,18.05,35.65,62.573,57.01,51.56
2018-05-01,100.06,33.36,68.1,41.12,170.25,154.21,60.49,236.85,39.522,78.896,30.86,54.56,32.54,69.29,111.12,134.85,129.98,127.31,55.118,30.95,28.85,36.42,14.9,74.81,161.88,187.24,53.023999999999994,33.1,274.61,37.89,82.22,18.38,36.04,63.614,56.96,51.4
2018-05-02,99.62,32.75,68.26,41.27,170.3,154.63,62.57,233.46,38.999,79.044,31.34,55.02,32.06,68.6,113.77,133.93,127.64,126.18,53.633,30.21,28.888,36.2,15.15,71.73,160.95,185.93,52.01,32.99,274.13,38.34,81.09,18.55,33.18,62.364,56.83,51.35
2018-05-03,98.76,32.28,66.9,41.64,170.65,146.59,62.84,234.15,39.088,78.82600000000001,35.3,55.46,31.94,68.11,114.83,134.18,127.33,126.98,54.375,29.92,28.69,36.15,14.94,73.45,160.34,186.38,51.98,33.17,266.44,37.75,80.36,16.75,31.33,62.81100000000001,57.09,51.28
2018-05-04,101.15,32.63,68.1,41.67,174.09,146.82,63.45,235.9,39.305,78.945,39.08,55.62,32.14,68.93,114.85,135.78,129.31,127.95,57.403,30.29,29.15,36.71,15.34,73.99,162.37,189.45,52.78,33.59,270.34,39.29,81.0,17.2,31.67,63.07899999999999,57.8,51.51
2018-05-07,102.48,32.82,69.34,42.23,175.68,144.28,64.07,233.78,39.335,78.569,40.21,55.48,32.04,69.34,114.65,136.81,128.61,129.05,58.215,30.41,29.5005,36.34,15.49,74.67,163.06,189.56,53.33,33.76,269.7,38.65,80.88,17.63,31.5,62.443999999999996,57.78,51.24
2018-05-08,101.79,33.1,68.46,42.48,176.32,144.01,63.94,232.03,39.098,76.968,42.03,55.41,31.7,69.83,115.49,137.76,128.05,129.69,58.146,30.41,29.469,36.33,15.29,75.72,162.37,190.17,53.63,33.68,269.73,38.91,80.27,17.86,32.13,62.662,57.66,49.96
2018-05-09,99.97,33.67,67.95,43.0,178.74,144.81,64.71,229.21,39.7,76.73100000000001,42.96,56.56,31.4,70.74,116.73,139.13,128.28,130.63,57.868,30.4,29.7,36.27,15.55,77.01,162.86,192.67,54.34,33.77,274.03,39.0,80.73,18.11,32.66,63.456,58.49,49.61
2018-05-10,101.68,33.94,67.92,43.21,181.01,147.26,65.3,233.71,39.92,77.245,42.65,57.35,31.88,71.29,117.19,139.97,129.12,130.79,58.423,30.56,30.156999999999996,37.16,15.66,79.19,163.373,194.3,54.98,33.96,274.0,39.71,81.81,18.17,33.19,63.565,58.91,50.31
2018-05-11,102.07,33.98,68.43,42.92,180.42,149.21,65.82,238.28,40.03,76.998,42.91,57.39,32.29,71.24,116.99,140.31,129.12,131.61,58.621,30.56,30.04,36.89,15.56,79.2,163.77,194.2,54.67,34.07,282.39,38.92,83.03,17.74,32.97,63.525,58.89,50.38
2018-05-14,102.44,34.03,68.84,42.48,180.4,151.02,66.59,242.9,40.04,76.919,43.91,57.85,32.19,71.18,117.51,139.98,129.0,131.0,58.66,30.45,30.1998,36.63,16.15,78.81,163.88,192.59,54.9,34.14,282.34,39.33,83.58,17.63,33.3,64.319,59.12,50.19
2018-05-15,102.92,34.31,69.5,42.48,178.49,149.59,66.67,239.5,39.73,76.029,44.31,57.52,32.09,71.14,117.54,139.5,128.62,130.89,58.423,30.48,29.95,36.94,16.19,77.79,163.06,189.77,53.92,33.94,276.06,38.88,82.5,17.84,33.18,64.676,58.94,49.77
2018-05-16,105.04,34.35,71.34,43.08,179.47,150.16,66.65,241.72,39.88,75.14,43.22,58.93,32.3,71.27,117.38,140.12,129.65,130.68,58.67,30.57,30.1105,38.03,16.33,77.82,164.58,190.41,54.64,34.28,281.51,39.14,82.96,17.55,33.1,64.954,59.64,49.38
2018-05-17,104.34,34.31,70.94,43.4,178.5,150.99,66.52,242.96,40.1,74.15,43.91,58.98,31.93,71.25,121.07,140.73,129.97,129.93,58.06,30.69,30.191999999999997,38.3,16.58,79.19,164.18,189.78,54.81,34.8,280.57,39.13,82.99,17.6,33.49,64.319,59.78,48.98
2018-05-18,103.93,33.56,71.32,43.75,177.59,148.92,66.27,244.64,40.03,73.8,43.87,58.41,32.05,70.69,120.33,141.57,129.21,129.93,56.79,30.68,30.35,37.79,16.34,80.79,164.04,190.54,53.5,34.45,280.4,38.06,83.2,17.8,31.67,64.339,59.86,48.99
2018-05-21,104.06,30.9,71.38,44.21,179.01,146.5,66.49,247.9,40.05,73.68,44.38,59.16,32.59,71.31,121.44,143.54,129.79,130.66,56.45,30.98,30.759,38.09,16.59,81.25,164.9,191.69,54.32,34.81,277.67,38.84,83.28,17.16,31.39,64.26899999999999,60.18,49.24
2018-05-22,104.07,31.89,71.31,43.74,178.72,146.44,66.06,245.18,40.33,74.07,43.59,58.96,32.43,71.7,118.75,141.69,129.44,130.71,56.58,31.06,30.51,38.28,16.15,80.62,163.84,190.54,54.45,34.3,279.69,38.74,83.12,16.75,30.95,64.547,59.68,49.42
2018-05-23,102.89,31.2,71.34,43.79,180.18,146.83,66.73,244.26,40.18,74.87,42.51,57.76,32.33,71.25,118.95,141.466,129.99,131.88,56.98,30.95,30.619,37.85,15.86,81.08,164.99,196.23,55.21,34.18,283.75,38.49,83.39,16.67,30.93,64.18,59.54,49.87
2018-05-24,102.11,31.76,72.18,43.94,180.08,144.03,66.38,242.73,40.03,75.74,42.37,57.6,32.78,70.8,118.82,142.2,129.92,131.89,57.06,30.91,30.55,38.39,15.86,81.55,165.35,197.79,54.75,33.27,284.41,38.3,83.06,16.83,30.85,64.15,59.33,50.28
2018-05-25,102.2,31.36,72.25,44.19,180.18,145.81,65.89,244.95,39.85,75.81,41.45,56.98,32.51,70.58,115.6,142.01,130.1,131.28,57.77,30.88,30.62,38.3,15.85,80.96,165.62,197.09,55.44,33.4,286.21,38.73,82.94,16.56,30.56,64.25,59.01,50.5
2018-05-29,99.69,,,,179.15,,66.3,,,,43.18,,32.33,,,,,,,,30.35,,,,,,55.32,33.05,,,,,,,,
