	0
0	-0.04430746886805936
1	0.02256792149590736
2	-0.010566557788283415
3	0.07935003048757383
4	0.02318429131227151
5	0.04361650756808677
6	0.002557488922480422
7	0.02133513219912042
8	-0.007131986692658021
9	0.00735497118376105
10	-0.01475620213103046
11	0.013206720219744561
12	-0.013588119260549814
13	0.02028193641176701
14	-0.007048499674314868
15	0.012446074860430256
16	-0.013996894407767968
17	0.029473130649083412
18	0.0023015385290134915
19	-0.014382436226188622
20	-0.01777426481678368
21	0.016552891523639035
22	-0.0025965635392053432
23	0.026361785177910768
24	-0.0038550099614880207
25	-0.009616854072862946
26	-0.013935967514268621
27	0.03402955086156312
28	-0.015273775571162607
29	0.018158599899160466
30	-0.017462676784647635
31	0.008212315539493309
32	0.01951324600368598
33	-0.0032113560440546474
34	-0.008676275116375698
35	0.01624271323419313
36	-0.03648248755843353
37	-0.003474724760307746
38	-0.016318983758355277
39	0.021617466599442414
40	-0.01167388117532242
41	-0.009789979381965574
42	0.011922571997814213
43	0.028307838962866372
44	0.011259325832221778
45	0.002696615490620058
46	-0.010836670482306743
47	-0.12971214682523302
48	0.07025376061528621
49	-0.0745083314219892
50	-0.0006560716532368893
51	0.06030451667913961
52	-0.013064243380821572
53	0.010753128103304643
54	-0.0035946146517833455
55	0.061450361773310425
56	0.03808660719092116
57	-0.030569658608437078
58	-0.03425025171908347
59	0.03275462880076585
60	0.02529193503540217
61	-0.05441191966290204
62	0.045687925338087076
63	-0.015472061817570548
64	-0.027690228423130736
65	0.019863607443074027
66	-0.009101281905297132
67	-0.022262851949653273
68	0.023961705711724512
69	-0.06645776604273135
70	0.008712317753612808
71	-0.02203926337909934
72	-0.00657494580411111
73	-0.0164021533902291
74	0.04229661833823184
75	0.005711879548152332
76	-0.0014371124508010258
77	0.005231396929046728
78	0.011922533812781078
79	-0.02935715858975063
80	-0.006203942977584975
81	-0.019716440608896546
82	-0.015485316588308873
83	0.012851411475577557
84	-0.01991624469958131
85	-0.04572686108855961
86	-0.018209497273119157
87	-0.00022581455206049927
88	0.12107222883925406
89	0.020317721513693154
90	0.05830740624193109
91	0.006573720829746055
92	0.011033834730677539
93	0.0060139674418489
94	0.028756826446692196
95	-0.014460854755603547
96	0.03505492682580047
97	-0.009332014088571539
98	0.041037004265647825
99	0.022133212199562324
100	0.0028544263460830166
101	0.020347934017388436
102	-0.021798978075593944
103	0.005804639038671677
104	-0.037563515754400534
105	-0.022250006741985295
106	0.006958043362313759
107	0.04268932693919747
108	0.01681379757701218
109	0.07686217996548494
110	0.024404858696389864
111	0.016632873265082226
112	-0.01714681110642302
113	0.02725986041789441
114	-0.046819027987981876
115	0.023503321727981863
116	-0.0020054620734648587
117	0.00020577633084584157
118	0.026933060929482444
119	-0.005399611218873113
120	-0.01915365901870303
121	0.010139996373973226
122	0.00808080914745779
123	-0.037531388399938526
124	2.651901721595351e-05
125	-0.025617433166699954
126	0.04052789161037884
127	0.04663856682540346
128	-0.0033722367437634126
129	0.004442836356718383
130	-0.020780466450019075
131	0.015072003941913437
132	0.01470305696905072
133	-0.012116093554049079
134	0.01091131429231118
135	-0.01469078642201238
136	0.009973989873836464
137	-0.02300536264716413
138	0.02021816515744912
139	-0.004823201172240998
140	0.047584962806528575
141	0.03193499105110176
142	-0.012918553173972613
143	-0.01588377469839286
144	-0.029070021913481514
145	0.005381623754854514
146	-0.005243299204147567
147	-0.015348801019828384
148	0.00708373324054512
149	-0.008622384510556191
150	-0.003258479024832006
151	0.0069396985836880365
152	0.021005973386977184
153	0.024696765109426755
154	0.024214418009520067
155	0.024939580726050847
156	0.02042041447317766
157	-0.005149701134580242
158	0.008765510310646096
159	0.02907281832890085
160	-0.009076667176492914
161	-0.0044318045818312335
162	0.009883196029862207
163	0.0007597388684223993
164	-0.01925216306532984
165	0.05362965270499953
166	-0.024616168016644457
167	0.00422131464021458
168	-0.018668524282185017
169	-0.02146742651610778
170	-0.014746363929204587
171	-2.9532172517554578e-05
172	0.020134843887135156
173	0.008569280375086974
174	-0.018747834644624817
175	0.05433279149194048
176	-0.009500140978566773
177	-0.0003367421740047005
178	0.003730001432871388
179	-0.05896408428091049
180	-0.0020238431399386414
181	0.0008682272416791204
182	0.0013022167156451214
183	-0.0032568599788469488
184	0.02928311889432189
185	0.005408730652435967
186	0.009100027023377422
187	0.0004714639825145195
188	-0.014494162952748302
189	0.010539000345981542
190	-0.0180277464108608
191	0.01447564680041502
192	-0.004705233647160356
193	0.004237426850098647
194	-0.00507513157634587
195	-0.026385095582200147
196	-0.030438861103226356
197	0.041964945392512165
198	-0.010355825139424013
199	-0.00807476207528346
200	0.03640692393427969
201	-0.009792552830194867
202	0.04369220991232492
203	0.03283913300275798
204	-0.005554428780562337
205	0.013262279695567702
206	-0.017753970201236036
207	0.0022248767268107095
208	0.002124810391351817
209	-0.0062355269088849585
210	-0.004692633928538359
211	0.02729212813970716
212	-0.008473658574561505
213	-0.005537303789490244
214	0.007566129486986206
215	-0.011097718510185262
216	-0.009150530315124139
217	0.02969332115855461
218	-0.009728725411660477
219	-0.08143428104394679
220	0.02178204328616462
221	0.04085678434750806
222	0.029939088140720882
223	0.014988205173256164
224	0.02080078392635265
225	0.008085689656290196
226	0.0024790094028617204
227	-0.005443209892353473
228	0.0026696113800208643
229	0.050966562042555674
230	0.00519610268449755
231	-0.00744904329463747
232	-0.01397106536002235
233	0.011863789656369361
234	0.010277368238489348
235	0.00250112310791617
236	-0.004793710060030709
237	0.02522491684421313
238	-0.009421593816109408
239	-0.017937551125175588
240	-0.004682639929738164
241	0.030480175800930764
242	-0.043912404430305085
243	0.0023368833296422142
244	0.001962576927396764
245	0.019856034821601032
246	0.013709016205325053
247	-0.03314534586043161
248	0.048602696488154296
249	-0.03651377453889837
