	0
0	-0.04969097226086128
1	0.028074025984611506
2	0.058094200469996915
3	0.018757527529636553
4	-0.0048173922396355096
5	0.019047999084903955
6	0.05783366245513699
7	-0.0036581021957183824
8	-0.01719970779789315
9	-0.023420547834002048
10	-0.014035942827143377
11	0.01723983708314636
12	-0.06380267688348096
13	0.007363582702605287
14	-0.0018347642182118262
15	-0.10154876669648294
16	-0.08383488849190734
17	0.11902666157687292
18	-0.05388826029211535
19	-0.009570916962416853
20	0.061496264373131826
21	-0.09818765580649547
22	0.059970800814633796
23	0.05578223068935251
24	0.04052824713135905
25	-0.09264792058576155
26	0.012569229515839497
27	0.07483282321107265
28	-0.008490272090006079
29	0.030596952481271478
30	-0.010788807359806585
31	0.05250276847536939
32	0.046636292279365055
33	0.006746160362034237
34	-0.030027894787108766
35	-0.03373548449995312
36	0.004931451190398839
37	-0.0399262386796857
38	0.0007865202208652278
39	0.048622345608343664
40	0.0073849447579101835
41	-0.033610845595443584
42	0.006925722926191202
43	-0.033533029410711235
44	-0.02200859737140315
45	0.06458703088487838
46	0.012149189413689587
47	-0.00793790468601363
48	0.030071328431966027
49	0.04475365373877138
50	0.009030564229823401
51	0.01149693732438628
52	-0.021033855143541724
53	0.03014907136132683
54	0.00767015072494126
55	-0.01597239716495613
56	0.016608714386081358
57	-0.01740030267771242
58	0.005277060029704961
59	0.002398865822315077
60	-0.00656645232584907
