	0
0	-0.017184538783159065
1	-0.02018720428511811
2	-0.013754831417743363
3	-0.061762199992723144
4	-0.03021593009004364
5	0.06716696979592784
6	0.03421815179270671
7	0.003992798573578371
8	-0.0011890801637565174
9	-0.02221691275165405
10	-0.016456960112461005
11	0.015377009622156601
12	-0.036333652140893236
13	-0.01832584517944702
14	0.07023746619746873
15	-0.046774197487870706
16	0.003965087625087849
17	-0.01861297828599906
18	0.02049092874179892
19	0.034165023880026846
20	-0.02331842975303633
21	-0.03740010106463476
22	-0.10306304954043144
23	-0.14804702428025296
24	-0.17966557768565206
25	-0.05324929308919413
26	0.17308084067452456
27	0.14218472440174068
28	0.020150146119932266
29	-0.025488467679397497
30	-0.13665868324745
31	0.08253995817719928
32	0.018087220131284276
33	-0.07530598400894939
34	0.1322399661755318
35	-0.052535384919575656
36	0.01786365148111213
37	0.016931823332535068
38	-0.020872300172613878
39	0.051303846455187596
40	0.04709501024098839
41	-0.008097073024945556
42	-0.06869760679273562
43	0.020386902808172902
44	-0.07597029827803303
45	-0.022155477697830106
46	-0.016060498526353828
47	0.00805719771945479
48	-0.13413511664110644
49	-0.010392712418371586
50	0.10872658214220032
51	0.007037891862215151
52	0.07935317213316195
53	0.07657171685200193
54	-0.023644451892692042
55	0.052503609783692395
56	0.044705227423486704
57	0.003689278255958328
58	0.008928775600536953
59	-0.027131238555487935
60	-0.019973981428047294
61	0.07791755709965487
62	0.01750750880912144
63	0.0045706469480653045
64	-0.014555713101275125
65	-0.03236993668988963
66	0.05793693244053877
67	0.01833664083842179
68	-0.022510375728261534
69	-0.04233302721582166
70	0.06309949681381632
71	-0.01626202367715457
72	-0.015982535052537106
73	0.06322202776093477
74	0.018031190885833936
75	-0.017266437666340173
76	-0.02943774548292344
77	-0.014635280203829315
78	-0.037659408645757675
79	0.012250902200386937
80	-0.03554191577955823
81	-0.07528062157785431
82	-0.038311857319100806
83	0.06743687788598551
84	-0.0205033190021775
85	0.09571209007825376
86	-0.00428781463906458
87	0.034974424410112004
88	-0.015728803251879753
89	0.0065094567772614464
90	0.0173563166126387
91	-0.006983651447501571
92	-0.01696944341640294
93	0.05064293062028424
94	-0.05560200643127933
95	-0.07142827885455472
96	0.06800267646255653
97	-0.0664824581904947
98	-0.032988961022888175
99	-0.01231330329520064
100	0.02112584005506668
101	-0.10388702498373537
102	0.0008083213344165507
103	0.05319347930066476
104	0.07453184409183922
105	-0.07458877517554519
106	-0.05910882714327115
107	0.06477340557983213
108	0.05554589882371741
109	0.07285317201308716
110	-0.008606280105227238
111	-0.017103196835405732
112	0.04407377328626061
113	-0.038689277626299035
114	-0.03781120347408651
115	-0.05243260902694802
116	0.001751217571024144
117	-0.08262970980729867
118	-0.1183371838329289
119	-0.038878612228018694
120	-0.011761486106359298
121	0.01629141003740231
122	-0.11486957559758204
123	0.08526118797198956
124	-0.115775254284875
125	-0.005004422654193319
126	-0.04913088712497615
127	0.03318908721658631
128	0.10640182970395151
129	-0.09483010027199745
130	0.07485636456446554
131	-0.03893897875704244
132	0.040801178638881996
133	0.14011619568793265
134	0.01294922904019935
135	-0.0911006605834298
136	0.05515710941291574
137	0.024627205216694703
138	-0.09498343902115058
139	-0.10226353638924057
140	-0.03228554964389829
141	0.004828881168063459
142	-0.06704654470074889
143	0.1000580622359164
144	0.10798617710522129
145	0.09808011871542588
146	-0.03127657464117506
147	-0.0059148279772822665
148	0.10229306586772502
149	-0.05863149800870315
150	0.015818680551618503
151	0.05049429527158833
152	0.00796392823648473
153	-0.007044954626509337
154	0.11256566809847457
155	0.02744809406442772
156	0.039935873627962915
157	0.01963775546183233
158	0.0281237392348761
159	-0.077505468301867
160	0.020967094632195593
161	-0.0022759950671156215
162	0.09685100413264114
163	-0.005232401936640874
164	-0.029435818280972303
165	0.04705713057132388
166	0.04335604850810948
167	0.024968550331385897
168	0.006985908984499911
169	-0.00718333292754425
170	-0.061623814918631226
171	-0.004002390309803205
172	0.005573285341561318
173	0.049219250047313645
174	0.032094240169039834
175	-0.009136125930156558
176	0.011056405014733262
177	-0.022742516498491017
178	-0.05421586276594659
179	0.05611476483898126
180	-0.052962754584436
181	0.02321264518973898
182	-0.005458488572073761
183	0.0590302038894539
184	0.06518139703060943
185	-0.009806279258038453
186	-0.00557068572801811
187	0.03563280420907078
188	0.030171466251408097
189	0.008360902676341375
190	-0.03449811248320478
191	0.019842196914680255
192	-0.016060995645190368
193	0.02100826085969243
194	0.040771311922477516
195	-0.045569241620218914
196	-0.03111787902285912
197	0.03639169757852989
198	-0.05232996258755207
199	-0.02725987671365193
200	0.0007881533867919455
201	-0.005624746113573553
202	-0.009570234005862432
203	0.0694117925753126
204	-0.043493834264180076
205	-0.013454597714574246
206	-0.03612535730102806
207	0.046557661508007
208	-0.03606352626081233
209	-0.01463449703910491
210	-0.013631796163566579
211	0.03407514002916945
212	-0.0017808353008247346
213	0.08391754949216468
214	0.03223290873695994
215	-0.00402589022026878
216	0.0189796856823079
217	-0.004300337789778341
218	0.010581016551619804
219	0.020822760055131617
220	-0.0027914582152555045
221	0.02963002978292706
222	-0.012684678850896747
223	0.020488493308871814
224	-0.011701952304987051
225	-0.05975838802862565
226	-0.03232849354479883
227	-0.015163735738189188
228	0.005166399439106462
229	0.016151849527151096
230	0.0017302373934182658
231	0.04352517625679275
232	0.009015544856350255
233	-0.010640130850427476
234	0.07453821366276348
235	-0.17365314538241217
236	-0.0975352607104325
237	0.09807348327003695
238	0.10198781916965438
239	0.0740691176629753
240	0.011878788227755788
241	-0.04430746886805936
242	0.02256792149590736
243	-0.010566557788283415
244	0.07935003048757383
245	0.02318429131227151
246	0.04361650756808677
247	0.002557488922480422
248	0.02133513219912042
249	-0.007131986692658021
250	0.00735497118376105
251	-0.01475620213103046
252	0.013206720219744561
253	-0.013588119260549814
254	0.02028193641176701
255	-0.007048499674314868
256	0.012446074860430256
257	-0.013996894407767968
258	0.029473130649083412
259	0.0023015385290134915
260	-0.014382436226188622
261	-0.01777426481678368
262	0.016552891523639035
263	-0.0025965635392053432
264	0.026361785177910768
265	-0.0038550099614880207
266	-0.009616854072862946
267	-0.013935967514268621
268	0.03402955086156312
269	-0.015273775571162607
270	0.018158599899160466
271	-0.017462676784647635
272	0.008212315539493309
273	0.01951324600368598
274	-0.0032113560440546474
275	-0.008676275116375698
276	0.01624271323419313
277	-0.03648248755843353
278	-0.003474724760307746
279	-0.016318983758355277
280	0.021617466599442414
281	-0.01167388117532242
282	-0.009789979381965574
283	0.011922571997814213
284	0.028307838962866372
285	0.011259325832221778
286	0.002696615490620058
287	-0.010836670482306743
288	-0.12971214682523302
289	0.07025376061528621
290	-0.0745083314219892
291	-0.0006560716532368893
292	0.06030451667913961
293	-0.013064243380821572
294	0.010753128103304643
295	-0.0035946146517833455
296	0.061450361773310425
297	0.03808660719092116
298	-0.030569658608437078
299	-0.03425025171908347
300	0.03275462880076585
301	0.02529193503540217
302	-0.0544119196629026
303	0.045687925338087076
304	-0.015472061817570548
305	-0.027690228423130736
306	0.019863607443074027
307	-0.009101281905297132
308	-0.022262851949653273
309	0.023961705711724512
310	-0.06645776604273135
311	0.008712317753612808
312	-0.02203926337909934
313	-0.00657494580411111
314	-0.0164021533902291
315	0.04229661833823184
316	0.005711879548152332
317	-0.0014371124508010258
318	0.005231396929046728
319	0.011922533812781078
320	-0.02935715858975063
321	-0.006203942977584975
322	-0.019716440608896546
323	-0.015485316588308873
324	0.012851411475577557
325	-0.01991624469958131
326	-0.04572686108855961
327	-0.018209497273119157
328	-0.00022581455206049927
329	0.12107222883925406
330	0.020317721513693154
331	0.05830740624193109
332	0.006573720829746055
333	0.011033834730677539
334	0.0060139674418489
335	0.028756826446692196
336	-0.014460854755603547
337	0.03505492682580047
338	-0.009332014088571539
339	0.041037004265647825
340	0.022133212199562324
341	0.0028544263460830166
342	0.020347934017388436
343	-0.021798978075593944
344	0.005804639038671677
345	-0.037563515754400534
346	-0.022250006741985295
347	0.006958043362313759
348	0.04268932693919747
349	0.01681379757701218
350	0.07686217996548494
351	0.024404858696389864
352	0.016632873265082226
353	-0.017146811106423132
354	0.02725986041789441
355	-0.046819027987981876
356	0.023503321727981863
357	-0.0020054620734648587
358	0.00020577633084584157
359	0.026933060929482444
360	-0.005399611218873113
361	-0.01915365901870303
362	0.010139996373973226
363	0.00808080914745779
364	-0.037531388399938526
365	2.651901721595351e-05
366	-0.025617433166699954
367	0.04052789161037884
368	0.04663856682540346
369	-0.0033722367437634126
370	0.004442836356718383
371	-0.020780466450019075
372	0.015072003941913437
373	0.01470305696905072
374	-0.012116093554049079
375	0.01091131429231118
376	-0.01469078642201238
377	0.009973989873836464
378	-0.02300536264716413
379	0.02021816515744912
380	-0.004823201172240998
381	0.047584962806528575
382	0.03193499105110176
383	-0.012918553173972613
384	-0.01588377469839286
385	-0.029070021913481514
386	0.005381623754854514
387	-0.005243299204147567
388	-0.015348801019828384
389	0.00708373324054512
390	-0.008622384510556191
391	-0.003258479024832006
392	0.0069396985836880365
393	0.021005973386977184
394	0.024696765109426755
395	0.024214418009520067
396	0.024939580726050847
397	0.02042041447317766
398	-0.005149701134580242
399	0.008765510310646096
400	0.02907281832890085
401	-0.009076667176492914
402	-0.0044318045818312335
403	0.009883196029862207
404	0.0007597388684223993
405	-0.01925216306532984
406	0.05362965270499953
407	-0.024616168016644457
408	0.00422131464021458
409	-0.018668524282185017
410	-0.02146742651610778
411	-0.014746363929204587
412	-2.9532172517554578e-05
413	0.020134843887135156
414	0.008569280375086974
415	-0.018747834644624817
416	0.05433279149194048
417	-0.009500140978566773
418	-0.0003367421740047005
419	0.003730001432871388
420	-0.05896408428091049
421	-0.0020238431399386414
422	0.0008682272416791204
423	0.0013022167156451214
424	-0.0032568599788469488
425	0.02928311889432189
426	0.005408730652435967
427	0.009100027023377422
428	0.0004714639825145195
429	-0.014494162952748302
430	0.010539000345981542
431	-0.0180277464108608
432	0.01447564680041502
433	-0.004705233647160356
434	0.004237426850098647
435	-0.00507513157634587
436	-0.026385095582200147
437	-0.030438861103226356
438	0.041964945392512165
439	-0.010355825139424013
440	-0.00807476207528346
441	0.03640692393427969
442	-0.009792552830194867
443	0.04369220991232492
444	0.03283913300275798
445	-0.005554428780562337
446	0.013262279695567702
447	-0.017753970201236036
448	0.0022248767268107095
449	0.002124810391351817
450	-0.0062355269088849585
451	-0.004692633928538359
452	0.02729212813970716
453	-0.008473658574561505
454	-0.005537303789489689
455	0.007566129486986206
456	-0.011097718510185262
457	-0.009150530315124139
458	0.02969332115855461
459	-0.009728725411660477
460	-0.08143428104394679
461	0.02178204328616462
462	0.04085678434750806
463	0.029939088140720882
464	0.014988205173256164
465	0.02080078392635265
466	0.008085689656290196
467	0.0024790094028617204
468	-0.005443209892353473
469	0.0026696113800208643
470	0.050966562042555674
471	0.00519610268449755
472	-0.00744904329463747
473	-0.01397106536002235
474	0.011863789656369361
475	0.010277368238489348
476	0.00250112310791617
477	-0.004793710060030709
478	0.02522491684421313
479	-0.009421593816109408
480	-0.017937551125175588
481	-0.004682639929738164
482	0.030480175800930764
483	-0.043912404430305085
484	0.0023368833296422142
485	0.001962576927396764
486	0.019856034821601032
487	0.013709016205325053
488	-0.03314534586043161
489	0.048602696488154296
490	-0.03651377453889837
491	0.02065226625736516
492	0.012865995540176867
493	-0.004597414885496254
494	-0.03717833600071818
495	0.02771570666314771
496	0.00497552309550664
497	-0.0006193581034193985
498	0.03248897429406372
499	0.005010332938068851
500	0.02484901216726154
501	0.0043709929823967375
502	-0.0018531860720992777
503	0.03567902288926028
504	0.006374027774784574
505	-0.0015562252812520994
506	-0.005240782961874579
507	0.026049133632723098
508	-0.0051272975630390905
509	0.00150840607636904
510	-0.004802093100115479
511	-0.0001699722827036565
512	0.011824666940511541
513	-0.0061357945602336095
514	-0.01786846561089661
515	0.006003929959151
516	0.006432910152183835
517	-0.013984661446684199
518	-0.007802242450950403
519	-0.061021652038103724
520	-0.0008635557000178373
521	0.03899555538554078
522	-0.010855901312548544
523	0.012440491393459707
524	-0.07065303423658831
525	-0.012079219318881007
526	0.0052808118156708606
527	0.05107524492783799
528	-0.012520909322774276
529	0.00041355305645995877
530	0.012299703847968413
531	0.001759399732657041
532	-0.0029336577023882926
533	0.02271528272248058
534	0.031851328195403816
535	0.0222373135690912
536	-0.04493823542103326
537	0.013949602538707806
538	-0.004812858021320809
539	0.0006901999173904994
540	0.06195217648091034
541	0.02017088013696733
542	0.006613382698812176
543	-0.0013746713906520602
544	0.008401321627082847
545	-0.002223675466418884
546	0.008273921899663472
547	-0.0019889147806700924
548	-0.023228466484477517
549	0.0008595446080705837
550	-0.0017460490367210424
551	0.0029486308935906536
552	0.01104045919555463
553	0.0013636164686388064
554	0.012121556817095591
555	0.033761529952567315
556	0.015487995813428634
557	0.012271103508418646
558	0.02240560008347292
559	-0.0037283658098949957
560	-0.014864003610864929
561	0.011770979193201248
562	0.0037158605252272103
563	-0.010727996346685975
564	0.012401160023278957
565	-0.009199424672716172
566	0.00788141124532804
567	-0.0006247975853994614
568	0.0009432299567495583
569	0.023553675759396153
570	-0.018728327511597254
571	0.009699570855947748
572	-0.030035589351074532
573	0.009462448184833328
574	0.027602503570488546
575	-0.023664778414912657
576	0.00740735853898844
577	0.011658958952280862
578	-0.014895302298028046
579	0.006515875032585328
580	0.008425301289208154
581	-0.005921458492671006
582	0.012520666149889115
583	-0.010669728497093245
584	-0.007491170151170401
585	0.012066911279970505
586	-0.010747988133662956
587	-0.020845739851397926
588	0.044183909952739686
589	0.003948709682555007
590	0.0008449148894242864
591	0.02152153860672601
592	0.001150389048083289
593	0.010015502905942997
594	-0.005603169497602645
595	0.04642367656360413
596	-0.004738043633447875
597	0.0425428882874479
598	-0.00683746426182974
599	-0.0024304314632271895
600	-0.031582027386998
601	-0.008147310982616784
602	0.01369092425134455
603	0.02858557816587326
604	0.02303179675617506
605	0.00038293135099376485
606	0.008211811895829202
607	-0.023204665361272192
608	0.039221559105444115
609	0.03200068011795487
610	-0.012563636637441089
611	-0.0007262211707360633
612	0.0010652706653895283
613	-0.0035950055858247065
614	0.0022849797665134286
615	0.0006969903403617472
616	0.01525417369165849
617	-0.024897085685302467
618	0.047463588557875136
619	0.016818623947611577
620	0.011709944379866277
621	0.024738156940399936
622	0.003091065594186926
623	0.0009339089199613682
624	-0.020331251027923325
625	0.040082675331369
626	0.03738418267597465
627	-0.025841778679455807
628	0.05194963947735509
629	-0.012976618700846432
630	0.019496190894084497
631	0.03409716030925636
632	0.011719127231021087
633	0.004427394377678917
634	0.003123963492901227
635	0.05912411524702432
636	-0.041850177817323475
637	-0.04857862673247659
638	-0.006085907230698906
639	-0.017233969482405076
640	-0.10389048273815349
641	-0.16421774689013724
642	0.06964344835146541
643	-0.01984479845030529
644	-0.15181513668693702
645	0.09050265416561509
646	0.06877451907388887
647	0.013119999828011375
648	0.062433945624633225
649	0.046263043710859986
650	-0.003971877451028005
651	-0.03402869227204419
652	-0.02689018616716421
653	0.004918455907973129
654	0.07636839753045033
655	0.0415201925627644
656	-0.05554061875870153
657	-0.060433449942270956
658	-0.04970708521554412
659	0.028072724875676913
660	0.058111979935368874
661	0.01873287870239726
662	-0.004835903270682951
663	0.019071825162035205
664	0.05784160671055738
665	-0.003659369356601383
666	-0.01719723161921527
667	-0.023444948908147745
668	-0.014031251010597101
669	0.017251581505381974
670	-0.06381212051570029
671	0.007394388607388613
672	-0.0018463753852190345
673	-0.10155534480822503
674	-0.0838230144851887
675	0.11901991564735659
676	-0.05387967549987549
677	-0.009587712541484272
678	0.06148615832008142
679	-0.09819531798240166
680	0.05998955103407355
681	0.05578850856765061
682	0.04049407521983284
683	-0.09260057209487216
684	0.01255514424462767
685	0.07480468099528315
686	-0.008466365048532598
687	0.03059272217531528
688	-0.010801367776602566
689	0.05252145855709944
690	0.04664704606839165
691	0.006716859937391462
692	-0.0300218781761048
693	-0.03370022450199117
694	0.004880662949830139
695	-0.039901171590724926
696	0.0007600030618226672
697	0.04863380112143667
698	0.007380517271222908
699	-0.033609770146884155
700	0.006928633071343393
701	-0.033514283234544306
702	-0.022029503727640454
703	0.064598344041088
704	0.012156231088143343
705	-0.007944565696598072
706	0.03009071564604171
707	0.04473971985550951
708	0.00904195037082367
709	0.011482576891405083
710	-0.021048841485046932
711	0.030135840124926094
712	0.007701308779934246
713	-0.01595624085671221
714	0.0165749821678578
715	-0.01736127769787843
716	0.005237183577407656
717	0.002399960765458342
718	-0.006549784300104666
719	-0.045073360924912875
720	0.06891911060238831
721	-0.023473836552616256
722	0.0376927643028826
723	0.025676687606396964
724	0.005525369172421746
725	0.030638352221625587
726	0.0012014777952629174
727	0.009551894992075427
728	0.011377542741480173
729	0.008273208217210115
730	-0.011146284137653062
731	0.022078720488823533
732	0.0013652194419644381
733	-0.023916777208835005
734	-0.02158698480685106
735	0.016041928012761275
736	-0.037504445121330776
737	0.015606361064635976
738	-0.06356678805556382
739	0.007999996104084195
740	-0.04916434893274524
741	0.019465061571233955
742	0.027749405735750576
743	0.005287407681128231
744	-0.013496812545584214
745	0.04082231508339418
746	0.05388724171715653
747	0.034228594028004045
748	0.02090866581814943
749	-0.03803796596544273
750	0.03173493906175029
751	0.0023867913192936463
752	-0.011175273456559998
753	0.012976326406516359
