Date,FITB,NKE,SCHL,MCK,UNH,GSK,DUK,RIO,VFH,PSX,VIS,VDC,V,KHC,KIE,GM,CNX,PYPL,VCR,INTU,BIIB,CRUS,XLV,FEYE,SEP,CCL,XLB,XLU
2018-02-27,33.09,67.825,36.976,153.34,231.75,36.038000000000004,75.436,54.68899999999999,72.749,91.515,144.06,138.33,123.17,66.543,30.783,39.766,15.92,79.46,163.37,169.95,290.1,43.66,85.211,16.72,39.59,66.968,60.475,49.016000000000005
2018-02-28,32.881,66.828,36.279,149.23,225.41,35.841,74.458,52.91,71.782,89.777,141.88,136.95,122.74,65.73899999999999,30.275,38.954,16.07,79.41,162.38,166.47,288.99,44.31,83.845,16.59,39.29,66.393,59.398999999999994,48.678999999999995
2018-03-01,32.623000000000005,66.12,35.461999999999996,146.54,223.71,35.505,74.676,52.64,70.736,90.273,139.6,136.62,120.21,65.582,29.897,37.409,16.43,78.64,160.73,163.96,282.35,43.04,82.51,16.6,39.55,65.47,58.791000000000004,48.68899999999999
2018-03-02,32.742,65.89,36.039,149.9,224.45,35.751999999999995,74.468,51.48,71.065,90.77,139.63,137.83,120.58,65.857,30.016,37.053000000000004,16.72,78.87,161.05,168.45,286.96,43.6,83.34700000000001,17.25,39.0,64.468,58.732,48.56
2018-03-05,33.19,65.05,36.657,151.31,227.63,36.304,76.583,52.25,72.061,92.449,141.24,139.19,121.68,66.111,30.872,37.36,17.45,79.07,162.72,169.78,286.95,43.76,84.105,17.63,38.82,64.686,59.50899999999999,49.552
2018-03-06,33.488,65.24,37.116,151.17,225.43,36.453,74.972,53.22,72.45,93.31299999999999,142.08,139.3,120.87,66.445,31.101,37.548,17.31,79.23,164.05,169.07,285.98,44.17,83.985,17.74,38.51,65.639,60.166000000000004,48.887
2018-03-07,33.508,64.17,37.205,151.75,226.52,36.778,74.369,52.61,72.41,93.602,142.11,138.16,121.65,66.141,31.141,37.36,17.48,79.52,163.07,170.26,284.54,43.76,84.413,18.14,38.44,65.5,59.946999999999996,48.52
2018-03-08,33.498000000000005,65.11,37.076,153.98,224.73,37.035,75.1,51.91,72.52,94.565,142.86,139.26,122.02,66.289,31.151,37.84,17.9,79.87,163.56,171.07,284.69,44.63,84.98100000000001,17.76,38.59,66.214,59.997,48.876999999999995
2018-03-09,34.035,66.3,37.305,155.79,225.43,36.876999999999995,75.23899999999999,52.07,74.164,95.28,145.93,140.17,124.31,66.527,31.838,37.84,17.55,80.71,165.96,176.76,286.1,45.63,86.20700000000001,17.98,38.95,66.94800000000001,61.082,49.016000000000005
2018-03-12,34.085,66.82,37.654,157.8,222.77,37.163000000000004,75.654,52.22,73.955,94.366,144.55,140.02,124.04,66.992,31.619,37.83,17.12,80.6,166.43,176.92,279.9,45.14,85.838,17.81,39.85,66.839,60.933,49.225
2018-03-13,33.885999999999996,66.17,37.743,157.69,226.94,36.65,75.575,52.04,73.247,93.929,143.95,139.85,123.0,66.666,31.599,38.01,16.25,80.2,165.36,177.27,283.24,44.52,85.948,17.62,40.65,67.048,60.684,49.333999999999996
2018-03-14,33.448,66.2,37.395,155.44,225.38,36.63,76.09899999999999,52.2,72.4,93.59200000000001,142.4,138.46,122.38,65.884,31.36,37.69,15.54,83.31,164.83,176.88,285.72,43.35,85.53,17.45,39.8,66.442,59.937,49.84
2018-03-15,33.399,66.39,37.414,153.96,229.48,36.443000000000005,75.842,52.6,72.45,93.84,142.6,137.41,123.21,64.775,31.37,37.85,15.27,82.57,164.64,177.52,286.7,43.06,85.39,18.12,35.49,66.214,59.15,49.81
2018-03-16,33.548,65.91,37.444,152.33,227.86,36.798,76.682,52.58,72.59,95.161,143.34,137.62,124.33,64.67699999999999,31.62,37.94,15.5,82.16,164.57,178.17,287.62,44.79,85.39,17.76,36.26,66.393,59.15,50.25
2018-03-19,33.448,65.71,36.926,147.62,225.05,36.413000000000004,76.138,51.62,72.12,93.78,142.38,136.3,123.01,63.281000000000006,31.55,37.01,15.4,80.3,162.59,175.33,278.37,42.69,84.01,17.55,35.01,67.107,58.3,49.94
2018-03-20,33.359,66.8,36.388000000000005,141.81,226.78,36.285,75.535,51.7,72.22,94.476,142.79,135.88,124.71,62.519,31.74,36.89,15.56,80.86,163.37,177.74,279.68,43.45,84.13,17.58,34.0,67.325,58.24,49.71
2018-03-21,33.448,66.35,36.766999999999996,142.92,222.82,36.285,75.288,53.26,72.24,95.51899999999999,143.11,134.39,123.02,61.342,31.74,37.58,15.6,81.04,163.38,176.25,277.29,43.4,83.77,17.78,33.7,66.542,58.9,49.54
2018-03-22,32.135,64.42,37.524,141.69,215.21,35.683,75.298,50.79,69.7,94.07799999999999,138.5,133.15,119.8,59.897,31.01,36.35,15.27,78.56,159.81,174.42,271.89,42.14,81.36,17.06,32.74,65.688,57.14,49.76
2018-03-23,30.872,64.63,36.448,139.04,212.55,36.936,74.29,50.51,67.61,92.777,136.36,131.56,116.81,59.402,30.32,35.17,15.41,76.44,156.93,169.47,260.13,40.7,79.67,16.92,32.33,63.912,56.02,49.06
2018-03-26,31.956,65.9,38.501,139.29,219.07,36.946,75.031,51.45,69.73,95.37,139.54,133.37,120.45,61.005,31.02,35.99,15.7,78.95,161.25,174.12,268.2,41.81,81.32,17.31,33.09,65.291,57.17,49.57
2018-03-27,31.18,66.17,38.330999999999996,138.75,217.96,37.894,76.197,50.69,68.4,95.08200000000001,137.48,133.32,117.21,60.065,30.61,34.87,15.47,76.31,158.18,172.85,265.16,40.6,80.36,16.59,32.61,65.222,56.59,50.28
2018-03-28,31.56,65.44,38.62,140.66,218.5,38.871,76.514,50.2,68.59,93.711,137.06,135.06,116.8,60.728,30.95,35.47,15.22,75.06,156.32,170.53,271.82,39.33,80.79,16.83,32.94,64.14,55.87,50.26
2018-03-29,31.75,66.44,38.7,140.87,214.0,38.565,76.563,51.53,69.47,95.29,139.11,136.12,119.43,61.638999999999996,31.02,36.34,15.43,75.87,158.62,172.95,273.82,40.63,81.4,16.93,33.64,65.07300000000001,56.94,50.53
2018-04-02,30.95,64.12,38.012,139.81,217.2,38.348,76.197,51.31,67.98,94.32700000000001,136.1,132.77,118.2,59.431999999999995,30.49,35.76,14.5,75.0,154.05,169.48,266.89,38.55,79.55,16.79,33.23,64.12,55.7,50.14
2018-04-03,31.56,66.7,38.241,140.53,224.58,38.772,76.35600000000001,51.29,68.85,95.54899999999999,138.2,134.6,119.01,59.61,30.85,36.94,14.9,74.56,156.09,170.07,266.48,38.73,80.76,16.97,33.08,63.99100000000001,56.49,50.31
2018-04-04,32.28,68.42,38.251,141.35,228.79,39.404,76.8,50.98,69.6,95.36,138.91,136.68,119.62,60.738,31.04,38.03,15.04,74.78,159.09,172.65,272.4,39.48,81.91,17.37,33.04,64.47800000000001,56.86,50.42
2018-04-05,32.33,69.59,38.58,142.61,229.07,39.345,77.68,51.52,70.07,97.12799999999999,140.31,137.1,121.0,60.669,31.07,38.0,15.6,76.95,161.33,171.43,264.98,39.01,81.85,17.68,33.4,65.00399999999999,57.92,50.82
2018-04-06,31.24,67.55,37.952,139.71,223.96,39.414,77.245,50.55,68.45,96.333,136.48,135.74,117.51,59.907,30.58,37.68,14.95,73.86,157.98,167.29,257.65,38.54,79.88,17.33,32.9,64.01100000000001,56.51,50.42
2018-04-09,31.4,67.18,38.441,140.03,222.73,39.769,77.551,50.93,68.66,97.098,136.11,135.59,118.6,60.016000000000005,30.54,37.83,15.11,75.19,157.62,169.39,257.52,37.51,80.67,17.11,32.7,64.359,56.82,50.52
2018-04-10,31.78,67.0,39.527,143.2,226.79,40.45,76.613,53.14,69.73,99.59,138.21,136.08,120.53,60.61,30.8,39.07,15.62,76.79,159.59,171.31,265.09,38.42,82.03,17.14,33.81,62.611999999999995,57.99,50.13
2018-04-11,31.47,66.83,39.597,143.08,221.9,40.045,76.178,53.14,68.99,101.88,137.29,135.8,119.59,60.896,30.72,39.0,15.71,76.5,158.99,171.59,265.99,38.61,81.36,18.1,34.15,63.148,57.56,50.06
2018-04-12,32.26,67.77,39.775999999999996,143.94,224.24,40.095,75.249,53.81,70.12,101.96,139.05,135.58,120.88,60.303000000000004,30.92,38.83,15.67,77.46,159.5,173.63,267.44,39.82,81.91,18.75,33.93,63.257,58.17,49.4
2018-04-13,31.41,67.25,39.876,142.85,224.28,40.055,75.773,54.26,69.12,103.06,138.69,136.12,120.56,60.283,30.81,38.73,15.74,77.27,158.71,171.99,265.39,39.28,81.87,18.71,33.7,62.453,58.11,49.79
2018-04-16,31.49,67.06,40.613,147.88,230.32,39.946999999999996,77.047,54.23,69.45,106.12,140.325,137.67,121.68,60.55,31.11,39.17,15.81,77.8,159.98,175.3,263.11,39.52,82.52,18.97,34.82,63.585,58.89,50.47
2018-04-17,30.94,67.51,41.27,149.5,238.55,39.986,77.581,54.74,69.34,107.15,141.44,138.04,123.6,61.045,31.13,39.22,15.79,80.03,162.58,181.0,264.75,39.6,83.16,18.82,35.29,63.674,59.56,50.98
2018-04-18,30.78,66.2,41.48,149.28,236.4,39.917,77.36399999999999,56.85,69.09,108.18,142.74,137.08,124.28,60.153999999999996,31.08,38.93,16.22,80.34,163.43,181.19,268.03,38.98,83.23,18.83,34.86,64.765,59.99,50.79
2018-04-19,31.36,65.73,41.42,147.1,235.76,39.364000000000004,77.601,56.56,70.07,109.91,142.25,133.34,123.76,59.105,31.18,37.77,16.12,79.68,162.67,179.41,266.02,37.74,82.53,18.84,34.75,64.557,59.32,50.76
2018-04-20,31.42,66.09,41.46,146.25,235.06,39.483000000000004,76.771,56.6,70.18,110.26,141.64,131.24,124.0,57.611000000000004,31.23,37.61,15.64,78.73,160.91,178.13,263.02,36.72,82.09,18.27,34.62,65.37100000000001,59.0,50.3
2018-04-23,31.93,66.88,41.39,148.33,234.34,39.809,77.077,55.52,70.16,110.72,141.39,131.02,124.26,57.077,31.27,37.69,15.65,78.21,161.28,180.3,259.3,36.05,82.41,18.6,35.35,65.758,58.83,50.33
2018-04-24,33.25,66.97,41.47,148.89,234.22,40.115,77.304,55.68,69.87,108.51,137.72,130.35,121.08,55.93899999999999,31.18,37.93,14.76,75.28,158.96,178.57,262.15,35.47,81.79,18.37,35.2,65.033,57.24,50.67
2018-04-25,33.54,66.67,41.35,151.71,234.9,38.614000000000004,77.967,55.23,69.77,109.07,137.99,130.62,121.02,56.256,31.15,38.11,14.4,74.0,159.55,176.37,269.45,35.36,82.16,18.19,35.44,65.559,57.55,50.68
2018-04-26,33.62,68.05,41.4,153.96,237.03,39.68,78.905,55.68,69.74,111.78,137.37,131.27,126.88,56.73,31.16,38.25,14.3,76.03,161.95,185.18,273.86,36.12,83.2,18.33,35.59,63.813,57.91,51.19
2018-04-27,33.83,69.56,41.37,158.13,240.18,40.036,79.558,55.14,69.87,110.61,137.26,131.93,125.81,57.056999999999995,31.21,37.65,14.63,74.13,162.39,186.59,276.8,36.21,83.54,17.85,35.23,63.861999999999995,57.76,51.71
2018-04-30,33.17,68.39,41.4,156.21,236.4,39.591,79.222,54.95,69.22,110.58,135.38,131.07,126.68,55.79,30.89,36.74,14.86,74.61,161.68,184.79,273.6,36.47,82.26,18.05,35.65,62.573,57.01,51.56
2018-05-01,33.36,68.1,41.12,154.21,236.85,39.522,78.896,54.56,69.29,111.12,134.85,129.98,127.31,55.118,30.95,36.42,14.9,74.81,161.88,187.24,274.61,37.89,82.22,18.38,36.04,63.614,56.96,51.4
2018-05-02,32.75,68.26,41.27,154.63,233.46,38.999,79.044,55.02,68.6,113.77,133.93,127.64,126.18,53.633,30.21,36.2,15.15,71.73,160.95,185.93,274.13,38.34,81.09,18.55,33.18,62.364,56.83,51.35
2018-05-03,32.28,66.9,41.64,146.59,234.15,39.088,78.82600000000001,55.46,68.11,114.83,134.18,127.33,126.98,54.375,29.92,36.15,14.94,73.45,160.34,186.38,266.44,37.75,80.36,16.75,31.33,62.81100000000001,57.09,51.28
2018-05-04,32.63,68.1,41.67,146.82,235.9,39.305,78.945,55.62,68.93,114.85,135.78,129.31,127.95,57.403,30.29,36.71,15.34,73.99,162.37,189.45,270.34,39.29,81.0,17.2,31.67,63.07899999999999,57.8,51.51
2018-05-07,32.82,69.34,42.23,144.28,233.78,39.335,78.569,55.48,69.34,114.65,136.81,128.61,129.05,58.215,30.41,36.34,15.49,74.67,163.06,189.56,269.7,38.65,80.88,17.63,31.5,62.443999999999996,57.78,51.24
2018-05-08,33.1,68.46,42.48,144.01,232.03,39.098,76.968,55.41,69.83,115.49,137.76,128.05,129.69,58.146,30.41,36.33,15.29,75.72,162.37,190.17,269.73,38.91,80.27,17.86,32.13,62.662,57.66,49.96
2018-05-09,33.67,67.95,43.0,144.81,229.21,39.7,76.73100000000001,56.56,70.74,116.73,139.13,128.28,130.63,57.868,30.4,36.27,15.55,77.01,162.86,192.67,274.03,39.0,80.73,18.11,32.66,63.456,58.49,49.61
2018-05-10,33.94,67.92,43.21,147.26,233.71,39.92,77.245,57.35,71.29,117.19,139.97,129.12,130.79,58.423,30.56,37.16,15.66,79.19,163.373,194.3,274.0,39.71,81.81,18.17,33.19,63.565,58.91,50.31
2018-05-11,33.98,68.43,42.92,149.21,238.28,40.03,76.998,57.39,71.24,116.99,140.31,129.12,131.61,58.621,30.56,36.89,15.56,79.2,163.77,194.2,282.39,38.92,83.03,17.74,32.97,63.525,58.89,50.38
2018-05-14,34.03,68.84,42.48,151.02,242.9,40.04,76.919,57.85,71.18,117.51,139.98,129.0,131.0,58.66,30.45,36.63,16.15,78.81,163.88,192.59,282.34,39.33,83.58,17.63,33.3,64.319,59.12,50.19
2018-05-15,34.31,69.5,42.48,149.59,239.5,39.73,76.029,57.52,71.14,117.54,139.5,128.62,130.89,58.423,30.48,36.94,16.19,77.79,163.06,189.77,276.06,38.88,82.5,17.84,33.18,64.676,58.94,49.77
2018-05-16,34.35,71.34,43.08,150.16,241.72,39.88,75.14,58.93,71.27,117.38,140.12,129.65,130.68,58.67,30.57,38.03,16.33,77.82,164.58,190.41,281.51,39.14,82.96,17.55,33.1,64.954,59.64,49.38
2018-05-17,34.31,70.94,43.4,150.99,242.96,40.1,74.15,58.98,71.25,121.07,140.73,129.97,129.93,58.06,30.69,38.3,16.58,79.19,164.18,189.78,280.57,39.13,82.99,17.6,33.49,64.319,59.78,48.98
2018-05-18,33.56,71.32,43.75,148.92,244.64,40.03,73.8,58.41,70.69,120.33,141.57,129.21,129.93,56.79,30.68,37.79,16.34,80.79,164.04,190.54,280.4,38.06,83.2,17.8,31.67,64.339,59.86,48.99
2018-05-21,30.9,71.38,44.21,146.5,247.9,40.05,73.68,59.16,71.31,121.44,143.54,129.79,130.66,56.45,30.98,38.09,16.59,81.25,164.9,191.69,277.67,38.84,83.28,17.16,31.39,64.26899999999999,60.18,49.24
2018-05-22,31.89,71.31,43.74,146.44,245.18,40.33,74.07,58.96,71.7,118.75,141.69,129.44,130.71,56.58,31.06,38.28,16.15,80.62,163.84,190.54,279.69,38.74,83.12,16.75,30.95,64.547,59.68,49.42
2018-05-23,31.2,71.34,43.79,146.83,244.26,40.18,74.87,57.76,71.25,118.95,141.466,129.99,131.88,56.98,30.95,37.85,15.86,81.08,164.99,196.23,283.75,38.49,83.39,16.67,30.93,64.18,59.54,49.87
2018-05-24,31.76,72.18,43.94,144.03,242.73,40.03,75.74,57.6,70.8,118.82,142.2,129.92,131.89,57.06,30.91,38.39,15.86,81.55,165.35,197.79,284.41,38.3,83.06,16.83,30.85,64.15,59.33,50.28
2018-05-25,31.36,72.25,44.19,145.81,244.95,39.85,75.81,56.98,70.58,115.6,142.01,130.1,131.28,57.77,30.88,38.3,15.85,80.96,165.62,197.09,286.21,38.73,82.94,16.56,30.56,64.25,59.01,50.5
