Date,Open,High,Low,Close,Volume
2010-11-17,27.721,27.721,27.721,27.721
2010-11-18,29.402,30.233,28.467,28.72,545337236
2010-11-19,28.686,28.98,27.815,28.781,128404531
2010-11-22,28.728,28.963,28.401,28.628,43638253
2010-11-23,28.519,28.553,27.881,27.927,37148234
2010-11-24,28.334,28.394,27.909,28.125,31127514
2010-11-26,28.065,28.401,27.899,28.394,14643881
2010-11-29,28.394,28.401,27.778,28.394,33069907
2010-11-30,28.166,28.772,28.023,28.728,68430476
2010-12-01,29.108,29.358,28.913,29.216,41232898
2010-12-02,29.333,29.384,28.99,29.131,27680128
2010-12-03,29.023,29.064,28.535,29.023,23091062
2010-12-06,28.963,29.216,28.905,28.963,13903540
2010-12-07,29.193,29.309,28.947,29.131,24789366
2010-12-08,29.073,29.174,28.839,28.94,15006708
2010-12-09,28.865,28.923,28.241,28.344,21917254
2010-12-10,28.435,28.553,28.166,28.401,13985969
2010-12-13,28.527,28.604,28.31,28.394,13211865
2010-12-14,28.334,28.495,28.1,28.467,18123217
2010-12-15,28.401,28.57,28.234,28.234,12122992
2010-12-16,28.201,28.443,28.191,28.234,11770365
2010-12-17,28.166,28.561,27.881,28.561,42477462
2010-12-20,28.486,28.604,28.344,28.357,14854505
2010-12-21,28.443,28.511,28.325,28.435,10729350
2010-12-22,28.325,29.358,28.166,29.333,24932516
2010-12-23,29.123,29.838,29.083,29.24,24440732
2010-12-27,28.905,29.309,28.72,29.064,8773009
2010-12-28,29.721,29.966,29.458,29.669,27980108
2010-12-29,29.797,30.493,29.611,30.259,24972862
2010-12-30,30.326,31.065,30.259,30.929,20228858
2010-12-31,30.946,31.048,30.72,30.963,7344505
2011-01-03,31.351,31.922,31.107,31.133,29627080
2011-01-04,31.165,31.913,30.813,31.836,38526569
2011-01-05,31.475,32.172,31.475,31.979,26790480
2011-01-06,32.121,33.165,31.979,32.677,45920933
2011-01-07,32.627,33.038,32.349,32.743,23693820
2011-01-10,33.047,33.063,32.294,32.393,21838602
2011-01-11,32.476,33.122,32.349,32.551,17696875
2011-01-12,32.719,33.072,32.231,32.442,19968265
2011-01-13,32.476,32.518,32.013,32.149,13531427
2011-01-14,32.072,32.315,31.954,32.09,7020197
2011-01-18,31.963,32.2,31.351,31.945,10617565
2011-01-19,31.735,31.864,31.3,31.417,15080052
2011-01-20,31.174,31.325,30.469,31.233,18863244
2011-01-21,31.357,31.794,30.929,31.283,11367133
2011-01-24,31.678,31.804,31.107,31.618,14526722
2011-01-25,31.794,32.33,31.678,32.256,14669343
2011-01-26,32.551,32.686,31.804,31.828,13735518
2011-01-27,32.09,32.719,31.945,32.483,16609234
2011-01-28,31.922,31.938,30.25,30.746,44208190
2011-01-31,30.989,31.123,30.15,30.653,16616375
2011-02-01,31.021,31.276,30.351,30.62,33444829
2011-02-02,30.627,30.711,29.89,29.973,20766834
2011-02-03,30.214,30.289,29.51,30.289,23041952
2011-02-04,30.452,30.853,30.15,30.738,13234980
2011-02-07,31.039,31.156,30.754,30.831,8732006
2011-02-08,31.057,31.123,30.579,30.989,7433623
2011-02-09,30.929,31.006,30.477,30.585,7619759
2011-02-10,30.384,30.778,29.838,30.141,13743539
2011-02-11,30.04,30.72,29.864,30.62,16092660
2011-02-14,30.702,30.711,29.797,30.485,8480797
2011-02-15,30.402,30.585,30.073,30.332,12305157
2011-02-16,30.332,30.946,30.259,30.87,10335873
2011-02-17,30.702,30.831,30.493,30.552,8885736
2011-02-18,30.593,30.88,30.561,30.67,8117323
2011-02-22,30.123,30.367,29.779,30.048,16600437
2011-02-23,30.114,30.19,28.394,29.054,33581488
2011-02-24,29.316,29.402,26.923,27.737,75667589
2011-02-25,28.283,28.728,27.763,27.927,34554910
2011-02-28,28.132,28.344,27.604,28.166,18910524
2011-03-01,28.351,28.351,27.243,27.678,32522279
2011-03-02,27.636,27.863,27.376,27.621,16994717
2011-03-03,27.621,27.863,27.427,27.745,20948885
2011-03-04,27.778,27.788,26.891,27.208,28856935
2011-03-07,27.175,27.299,26.478,26.629,17945887
2011-03-08,26.664,27.57,26.619,27.484,17272519
2011-03-09,27.501,27.519,26.966,27.09,13360741
2011-03-10,26.434,26.695,25.999,26.393,45628880
2011-03-11,26.249,26.923,26.242,26.822,16693037
2011-03-14,26.998,27.134,26.401,26.536,11876674
2011-03-15,26.025,27.292,25.747,27.175,25557847
2011-03-16,27.234,27.327,26.378,26.695,16844717
2011-03-17,27.034,27.208,26.318,26.41,13128186
2011-03-18,26.664,26.839,26.393,26.755,11739274
2011-03-21,27.081,27.134,26.234,26.277,15693941
2011-03-22,26.249,26.333,25.629,25.821,20216750
2011-03-23,25.706,26.277,25.367,26.175,27400140
2011-03-24,26.309,26.544,26.242,26.37,18729157
2011-03-25,26.452,26.629,26.116,26.434,18144570
2011-03-28,26.527,26.527,25.914,25.914,12266611
2011-03-29,25.982,26.183,25.771,26.125,11548955
2011-03-30,26.175,26.58,26.074,26.502,9112566
2011-03-31,26.378,26.502,26.041,26.065,10676153
2011-04-01,26.37,27.409,25.906,27.225,35561930
2011-04-04,27.299,27.484,27.049,27.208,14679807
2011-04-05,27.175,27.612,26.966,27.612,12031475
2011-04-06,27.721,27.955,27.318,27.612,9679669
2011-04-07,27.586,27.586,26.94,27.142,13368008
2011-04-08,27.217,27.51,26.309,26.478,19112545
2011-04-11,26.327,26.42,25.662,25.848,18051983
2011-04-12,25.537,26.327,25.283,26.167,23390819
2011-04-13,26.234,26.309,25.696,25.923,16393882
2011-04-14,25.821,25.923,25.495,25.688,10726574
2011-04-15,25.696,25.805,25.354,25.403,11765583
2011-04-18,25.283,25.486,25.115,25.176,15171042
2011-04-19,25.124,25.124,24.503,24.856,23635617
2011-04-20,25,25.519,24.714,25.143,26236512
2011-04-21,25.283,26.041,25.207,25.999,22531877
2011-04-25,26.041,26.201,25.469,26.159,18381465
2011-04-26,26.37,26.47,26.007,26.269,18641741
2011-04-27,26.434,26.705,26.277,26.695,17792457
2011-04-28,26.629,26.958,26.444,26.805,18821342
2011-04-29,26.872,27.368,26.805,26.958,16393581
2011-05-02,27.225,27.299,26.814,27.034,13109325
2011-05-03,27.199,27.889,27.184,27.714,35570825
2011-05-04,27.853,28.116,27.477,27.754,24389489
2011-05-05,26.931,27.453,26.452,26.897,31687229
2011-05-06,27.299,27.385,26.747,26.805,15240850
2011-05-09,26.664,26.931,26.343,26.37,12676502
2011-05-10,26.434,26.58,26.318,26.553,9335169
2011-05-11,26.519,26.762,26.134,26.293,10799545
2011-05-12,26.108,26.544,25.982,26.393,16771241
2011-05-13,26.41,26.496,25.914,26.1,12900923
2011-05-16,26.249,26.461,26.108,26.125,8665223
2011-05-17,26.134,26.36,25.897,26.125,13282431
2011-05-18,26.1,26.562,26.041,26.478,11841697
2011-05-19,26.487,26.705,26.301,26.434,11402406
2011-05-20,26.343,26.461,26.125,26.193,8601108
2011-05-23,25.771,26.175,25.622,26.007,10678878
2011-05-24,26.15,26.208,25.622,25.897,10450284
2011-05-25,25.671,26.36,25.622,26.269,17032622
2011-05-26,26.108,26.125,25.637,25.771,14255417
2011-05-27,25.848,26.444,25.696,26.277,10773250
2011-05-31,26.41,26.772,26.15,26.72,27168613
2011-06-01,26.629,26.629,25.328,25.394,22749472
2011-06-02,25.477,25.671,24.696,24.864,26694760
2011-06-03,24.596,24.832,24.277,24.462,26141075
2011-06-06,24.38,24.705,23.983,23.991,15966132
2011-06-07,24.268,24.396,23.847,24.176,18183727
2011-06-08,23.959,24.646,23.857,24.241,19679008
2011-06-09,24.427,24.847,24.286,24.739,16156320
2011-06-10,24.614,24.614,24.067,24.234,13965915
2011-06-13,24.201,24.427,23.763,24.017,11655739
2011-06-14,24.286,24.771,24.241,24.453,13033380
2011-06-15,24.167,24.453,24.058,24.32,13877811
2011-06-16,24.109,24.351,23.654,24.017,16745159
2011-06-17,24.134,24.41,23.998,24.36,19918682
2011-06-20,24.25,24.856,24.167,24.797,10565727
2011-06-21,24.788,25.2,24.723,24.856,14993298
2011-06-22,24.881,25.354,24.78,25.176,18463800
2011-06-23,24.807,25.367,24.629,25.318,16404500
2011-06-24,25.283,25.453,24.916,25.134,59348971
2011-06-27,25.022,25.587,24.864,25.419,18270964
2011-06-28,25.477,25.865,25.354,25.622,15097931
2011-06-29,25.865,25.865,25.411,25.453,15004190
2011-06-30,25.437,25.671,25.385,25.503,22010998
2011-07-01,25.495,25.923,25.134,25.688,21370719
2011-07-05,25.933,26.343,25.688,25.923,10423617
2011-07-06,26.351,26.61,26.116,26.201,16903428
2011-07-07,26.705,26.948,26.588,26.714,15821749
2011-07-08,26.249,26.629,26.175,26.527,11696584
2011-07-11,26.065,26.208,25.662,25.831,9855510
2011-07-12,25.403,25.989,25.217,25.771,12510563
2011-07-13,25.933,26.293,25.713,25.831,9632195
2011-07-14,25.914,26.015,25.225,25.283,12752136
2011-07-15,25.529,25.721,24.797,25,12367911
2011-07-18,24.841,24.909,24.041,24.444,16447765
2011-07-19,24.53,24.771,24.159,24.639,12165463
2011-07-20,24.739,24.764,24.404,24.563,8270108
2011-07-21,24.688,25.217,24.495,25.169,14511447
2011-07-22,25.176,25.445,25.101,25.283,9204435
2011-07-25,24.807,25.067,24.688,24.78,10103016
2011-07-26,24.924,24.948,24.326,24.435,10964560
2011-07-27,24.277,24.36,23.544,23.638,17255702
2011-07-28,23.73,24.277,23.538,23.607,13123775
2011-07-29,23.202,23.607,22.941,23.251,14357035
2011-08-01,24.259,24.259,23.268,23.58,15176713
2011-08-02,23.31,23.598,22.696,22.722,21614778
2011-08-03,22.705,22.823,21.95,22.823,18803420
2011-08-04,22.814,22.85,21.599,21.831,46029511
2011-08-05,21.9,22.227,20.572,22.101,41461569
2011-08-08,20.671,21.295,19.984,20.639,38746125
2011-08-09,21.076,21.471,20.159,21.454,31574235
2011-08-10,20.716,21,20.018,20.093,24552028
2011-08-11,20.252,21.984,20.252,21.683,29929496
2011-08-12,22.093,22.263,21.413,21.629,22208860
2011-08-15,21.849,22.292,21.665,22.194,15426668
2011-08-16,22.026,22.419,21.58,21.698,12026996
2011-08-17,21.875,21.916,20.916,20.951,14348041
2011-08-18,20.151,20.229,19.547,19.825,18820150
2011-08-19,19.53,19.69,18.238,18.617,40930476
2011-08-22,18.934,19.086,17.791,18.238,32091178
2011-08-23,18.294,18.532,17.817,18.532,23701019
2011-08-24,18.388,18.808,18.118,18.792,17120827
2011-08-25,18.892,19.102,18.565,18.732,13008020
2011-08-26,18.649,19.387,18.314,19.209,12110451
2011-08-29,19.573,20.129,19.547,19.984,12562727
2011-08-30,19.709,19.941,19.362,19.808,9692888
2011-08-31,20.051,20.572,20.018,20.185,14667943
2011-09-01,20.234,20.372,19.244,19.347,20109338
2011-09-02,18.825,18.943,18.256,18.539,16764619
2011-09-06,18.018,18.127,17.54,18.009,17000928
2011-09-07,18.331,19.354,18.331,19.206,15944390
2011-09-08,19.144,19.428,18.682,18.884,13979741
2011-09-09,18.782,18.859,18.036,18.279,14175817
2011-09-12,17.768,18.438,17.641,18.37,11090478
2011-09-13,18.37,18.758,18.061,18.479,13227354
2011-09-14,18.699,18.892,18.162,18.631,13791569
2011-09-15,18.975,19.144,18.607,19.066,9523803
2011-09-16,19.053,19.127,18.767,18.992,9391818
2011-09-19,18.548,19.462,18.524,19.362,16683984
2011-09-20,19.362,19.405,18.834,18.841,11283277
2011-09-21,18.817,19.066,17.825,17.878,11648719
2011-09-22,17.297,17.632,16.834,17.003,20551039
2011-09-23,16.607,17.878,16.607,17.641,16335094
2011-09-26,17.908,18.009,17.246,17.706,10023564
2011-09-27,18.144,18.338,17.706,17.798,13298272
2011-09-28,17.807,18.009,17.111,17.145,12017848
2011-09-29,17.405,17.614,16.895,17.44,12827199
2011-09-30,17.168,17.222,16.885,16.951,12034961
2011-10-03,16.919,17.557,16.506,16.573,16527134
2011-10-04,16.339,18.028,16.002,17.994,28163545
2011-10-05,17.918,18.725,17.44,18.708,20365621
2011-10-06,18.75,18.985,18.271,18.773,16055008
2011-10-07,18.968,19.262,18.331,18.489,17209922
2011-10-10,18.91,19.287,18.782,19.002,13442025
2011-10-11,18.841,19.061,18.716,18.901,12208621
2011-10-12,19.272,20.135,19.206,19.665,20534966
2011-10-13,19.641,19.641,18.901,19.447,11704982
2011-10-14,19.892,20.296,19.622,20.296,17511427
2011-10-17,20.304,20.32,19.447,19.472,10241684
2011-10-18,19.481,20.051,19.127,19.774,16757176
2011-10-19,19.742,19.783,19.287,19.397,9037482
2011-10-20,19.337,19.472,18.91,19.287,11294997
2011-10-21,19.709,20.479,19.491,20.454,14668860
2011-10-24,20.412,21.202,20.372,20.985,16066446
2011-10-25,20.985,21.162,20.296,20.884,13533866
2011-10-26,21.017,21.237,20.741,20.991,20768413
2011-10-27,21.729,22.235,21.169,22.11,21901206
2011-10-28,22.026,22.302,21.841,22.217,12711142
2011-10-31,21.976,21.976,21.515,21.715,10539577
2011-11-01,20.849,20.916,19.53,19.598,30196172
2011-11-02,19.909,19.935,19.254,19.491,17089656
2011-11-03,20.051,20.252,19.119,20.185,23753038
2011-11-04,20.069,20.093,19.581,19.834,11251914
2011-11-07,20.102,20.288,19.757,20.169,11641484
2011-11-08,20.32,21.144,20.145,21.035,23649604
2011-11-09,19.38,19.8,18.607,18.741,39141061
2011-11-10,18.85,19.196,18.423,19.066,18835180
2011-11-11,19.28,19.405,18.664,18.91,18378324
2011-11-14,18.951,19.565,18.91,19.313,15969051
2011-11-15,19.16,19.764,18.985,19.615,16506803
2011-11-16,19.53,19.615,19.002,19.026,10974858
2011-11-17,19.086,19.11,18.11,18.304,14987789
2011-11-18,18.489,18.631,18.162,18.211,7837054
2011-11-21,17.724,17.791,17.253,17.682,13990153
2011-11-22,17.573,17.744,17.388,17.412,8645644
2011-11-23,17.204,17.38,16.85,17.003,11309166
2011-11-25,16.986,17.397,16.977,17.086,3282746
2011-11-28,17.598,18.001,17.347,17.421,10614354
2011-11-29,17.412,17.514,17.052,17.06,9115491
2011-11-30,17.659,17.899,17.59,17.884,13233604
2011-12-01,17.843,18.286,17.581,17.605,14303495
2011-12-02,17.918,18.256,17.749,17.878,11617976
2011-12-05,18.078,18.472,18.001,18.137,11620681
2011-12-06,18.144,18.378,17.878,18.211,12672719
2011-12-07,18.162,18.573,18.043,18.432,10771237
2011-12-08,18.202,18.279,17.514,17.623,13690043
2011-12-09,17.698,17.976,17.69,17.768,7640506
2011-12-12,17.355,17.557,17.27,17.472,7432117
2011-12-13,17.605,17.641,16.757,16.895,15008144
2011-12-14,16.757,16.809,16.313,16.356,17913482
2011-12-15,16.599,16.977,16.388,16.885,12036012
2011-12-16,16.935,17.238,16.775,16.927,10818138
2011-12-19,16.901,16.994,15.961,16.002,18545062
2011-12-20,16.313,16.717,16.255,16.54,16572269
2011-12-21,16.582,17.162,16.448,17.069,15512251
2011-12-22,17.012,17.514,16.943,17.388,8616956
2011-12-23,17.481,17.549,17.178,17.222,7676118
2011-12-27,17.162,17.162,16.867,16.875,6956403
2011-12-28,16.867,16.91,16.599,16.683,8459395
2011-12-29,16.674,17.012,16.558,16.977,8106565
2011-12-30,16.885,17.111,16.843,17.028,8300402
2012-01-03,17.472,17.791,17.43,17.682,11096326
2012-01-04,17.682,17.952,17.43,17.768,9352863
2012-01-05,17.724,18.725,17.605,18.625,21285687
2012-01-06,18.708,19.347,18.682,19.254,21707067
2012-01-09,19.505,19.681,19.066,19.188,14394326
2012-01-10,19.505,19.656,19.135,19.521,16116463
2012-01-11,19.681,20.697,19.606,20.554,26126510
2012-01-12,20.454,20.849,19.959,20.725,19941483
2012-01-13,20.387,20.706,20.085,20.403,15432092
2012-01-17,20.725,20.733,20.304,20.328,11173200
2012-01-18,20.387,20.648,20.178,20.59,10617697
2012-01-19,20.706,20.985,20.539,20.849,18124987
2012-01-20,20.942,21.093,20.866,21,11781303
2012-01-23,21.118,21.21,20.825,20.934,10622836
2012-01-24,20.809,20.942,20.58,20.825,9940129
2012-01-25,20.909,21.01,20.479,20.934,16001248
2012-01-26,21.118,21.421,20.666,20.765,13791486
2012-01-27,19.993,20.615,19.598,20.471,17600096
2012-01-30,20.212,20.639,20.119,20.353,7524070
2012-01-31,20.657,20.657,20.119,20.178,10941618
2012-02-01,20.439,20.648,20.222,20.471,15877361
2012-02-02,20.706,20.741,20.412,20.421,7941195
2012-02-03,21,22.209,20.825,21.991,30380043
2012-02-06,22.235,22.539,21.799,22.427,20553111
2012-02-07,22.363,22.363,21.968,22.026,12814266
2012-02-08,22.101,22.194,21.488,21.629,20857869
2012-02-09,21.807,22.026,21.421,21.622,8856771
2012-02-10,21.404,21.436,21.21,21.421,11688872
2012-02-13,21.841,21.841,21.176,21.285,12503881
2012-02-14,21.202,21.38,21,21.336,11769396
2012-02-15,21.59,21.629,20.916,20.942,15860935
2012-02-16,21.246,22.9,21.227,22.823,42049034
2012-02-17,22.781,23.251,22.688,22.965,20956560
2012-02-21,22.907,23.143,22.671,22.732,10229646
2012-02-22,22.764,22.791,22.285,22.302,12730060
2012-02-23,22.419,22.9,22.059,22.502,12262574
2012-02-24,22.593,22.64,21.891,21.9,11195724
2012-02-27,21.891,22.302,21.48,22.227,10238981
2012-02-28,22.253,22.285,21.924,21.958,8984189
2012-02-29,21.916,22.302,21.774,21.858,14329634
2012-03-01,22,22.51,21.968,22.235,10590150
2012-03-02,22.292,22.473,22.144,22.217,10074753
2012-03-05,22.068,22.178,21.674,21.841,9107400
2012-03-06,21.26,21.285,20.479,20.648,22703338
2012-03-07,20.841,21.176,20.791,20.9,5742060
2012-03-08,21.344,21.497,21.086,21.38,10293253
2012-03-09,21.59,21.691,21.328,21.521,7527816
2012-03-12,21.515,21.599,21.127,21.328,4769370
2012-03-13,21.404,21.924,21.277,21.9,9953501
2012-03-14,21.95,22.337,21.841,22.11,10812186
2012-03-15,22.152,22.328,21.738,21.883,12063531
2012-03-16,21.841,21.9,21.219,21.48,13990827
2012-03-19,21.421,21.59,21.202,21.328,6503836
2012-03-20,21.086,21.354,20.666,21.076,12879801
2012-03-21,21.153,21.413,21.086,21.246,7288783
2012-03-22,21,21.219,20.891,21.042,6673291
2012-03-23,21.035,21.269,20.809,21.144,6907793
2012-03-26,21.253,21.529,21.118,21.488,9473082
2012-03-27,21.354,21.715,21.285,21.295,7895527
2012-03-28,21.344,21.404,21.017,21.127,6145011
2012-03-29,21.017,21.312,20.951,21.26,7658340
2012-03-30,21.413,21.655,21.093,21.546,7185948
2012-04-02,21.866,22.603,21.823,22.48,17220023
2012-04-03,22.386,22.705,21.227,21.454,31442041
2012-04-04,21.086,21.336,20.916,21.086,11649555
2012-04-05,20.991,21.153,20.671,20.884,6823770
2012-04-09,20.345,20.497,20.185,20.328,9440253
2012-04-10,20.252,20.279,19.565,19.918,14114065
2012-04-11,20.026,20.397,20.009,20.185,11025999
2012-04-12,20.203,20.572,20.159,20.412,6002211
2012-04-13,20.345,20.403,19.841,19.993,8703066
2012-04-16,19.975,20.102,19.615,19.674,8962162
2012-04-17,19.816,20.615,19.783,20.194,12212591
2012-04-18,20.051,20.403,19.949,20.288,7444253
2012-04-19,20.234,20.891,20.051,20.169,13341586
2012-04-20,20.212,20.212,19.757,19.825,15413844
2012-04-23,19.462,19.573,19.235,19.28,19271311
2012-04-24,19.337,19.656,19.219,19.228,10335476
2012-04-25,19.447,19.622,19.228,19.581,6605834
2012-04-26,19.454,19.949,19.454,19.926,9681771
2012-04-27,20.002,20.234,19.606,19.764,11720481
2012-04-30,19.641,19.732,19.152,19.319,9855933
2012-05-01,19.354,19.723,18.985,19.581,12086239
2012-05-02,19.481,19.53,19.01,19.262,17235945
2012-05-03,19.428,19.481,18.639,18.792,27162087
2012-05-04,18.649,18.825,18.331,18.782,17643253
2012-05-07,18.37,18.901,18.354,18.825,9349062
2012-05-08,18.692,18.773,18.37,18.672,11089496
2012-05-09,18.378,19.152,18.354,18.85,11682291
2012-05-10,19.061,19.228,18.758,18.792,8607864
2012-05-11,18.479,18.934,18.464,18.479,9577821
2012-05-14,18.271,18.455,18.144,18.172,11489258
2012-05-15,18.118,18.338,17.925,17.994,8790308
2012-05-16,18.524,19.002,18.354,18.405,16237712
2012-05-17,18.455,18.708,18.103,18.153,11062532
2012-05-18,18.094,18.22,17.714,17.791,8967701
2012-05-21,17.925,18.211,17.859,18.094,7494880
2012-05-22,18.238,18.397,17.925,18.061,8358990
2012-05-23,17.918,18.649,17.908,18.589,9927541
2012-05-24,18.464,18.589,18.331,18.515,5068748
2012-05-25,18.515,18.866,18.479,18.85,6740219
2012-05-29,19.002,19.262,18.975,19.196,11655497
2012-05-30,18.901,18.901,18.464,18.792,8772870
2012-05-31,18.699,18.825,18.479,18.649,7153640
2012-06-01,18.185,19.606,18.018,18.489,35261234
2012-06-04,18.489,18.515,17.355,17.734,18362823
2012-06-05,17.623,18.036,17.614,17.851,6721074
2012-06-06,18.001,18.432,17.925,18.338,8274340
2012-06-07,18.573,18.8,18.279,18.354,7014438
2012-06-08,18.354,18.555,18.061,18.524,5069487
2012-06-11,18.716,18.732,18.397,18.414,7203104
2012-06-12,18.414,18.649,18.211,18.625,7261839
2012-06-13,18.515,18.625,18.263,18.37,10223502
2012-06-14,18.346,18.472,18.127,18.314,5397730
2012-06-15,18.279,18.322,17.994,18.263,6802508
2012-06-18,18.094,18.246,17.961,18.001,7611596
2012-06-19,18.001,18.479,17.976,18.263,9247964
2012-06-20,18.294,18.331,17.878,18.043,10224968
2012-06-21,18.018,18.061,17.306,17.338,10944209
2012-06-22,17.598,17.598,17.186,17.306,8317501
2012-06-25,17.069,17.13,16.724,16.724,10553980
2012-06-26,16.751,16.834,16.481,16.674,10622229
2012-06-27,16.657,16.784,16.481,16.514,7801235
2012-06-28,16.499,16.733,16.373,16.651,13360860
2012-06-29,16.801,16.801,16.162,16.566,16014846
2012-07-02,16.549,16.582,16.213,16.439,7512327
2012-07-03,16.633,17.744,16.523,17.363,12760023
2012-07-05,17.43,17.817,17.253,17.253,9613408
2012-07-06,17.093,17.306,16.843,17.06,7753311
2012-07-09,16.977,17.137,16.843,16.986,6571596
2012-07-10,17.012,17.204,16.573,16.633,11673568
2012-07-11,16.591,16.809,16.466,16.717,7943653
2012-07-12,16.473,16.607,16.153,16.237,16805144
2012-07-13,16.237,16.558,16.187,16.481,8898156
2012-07-16,16.356,16.423,16.153,16.28,10792995
2012-07-17,16.423,16.466,16.213,16.466,9465310
2012-07-18,16.481,16.977,16.439,16.859,10440589
2012-07-19,16.901,17.086,16.859,16.919,8160897
2012-07-20,16.818,16.935,16.237,16.264,10473767
2012-07-23,16.037,16.264,15.834,16.213,10433680
2012-07-24,16.17,16.28,15.834,15.977,9764651
2012-07-25,16.045,16.07,15.725,15.793,8069089
2012-07-26,15.977,16.085,15.749,16.053,6634034
2012-07-27,16.077,16.54,16.02,16.523,8100172
2012-07-30,16.423,16.506,16.213,16.264,5022671
2012-07-31,16.347,16.607,16.272,16.558,6676231
2012-08-01,16.614,17.287,16.32,16.514,17656445
2012-08-02,16.458,16.85,15.903,16.077,12953157
2012-08-03,16.179,16.885,16.17,16.834,11184053
2012-08-06,16.843,16.885,16.599,16.674,7387608
2012-08-07,16.733,17.238,16.733,17.154,11401592
2012-08-08,16.919,17.178,16.843,17.12,5598070
2012-08-09,17.111,17.488,16.977,17.347,7920638
2012-08-10,17.238,17.388,17.06,17.253,4646423
2012-08-13,17.238,17.472,17.102,17.194,4793861
2012-08-14,17.329,17.464,16.885,16.977,9143685
2012-08-15,16.977,17.102,16.784,16.919,7736134
2012-08-16,16.901,18.028,16.901,17.918,17153173
2012-08-17,17.935,18.598,17.925,18.489,21370978
2012-08-20,18.271,18.497,18.193,18.37,7875639
2012-08-21,18.438,18.539,18.078,18.172,7758136
2012-08-22,18.127,18.271,17.759,18.256,8547915
2012-08-23,18.153,18.153,17.834,17.925,10666892
2012-08-24,17.817,17.943,17.698,17.791,6479834
2012-08-27,17.807,17.952,17.641,17.825,7400162
2012-08-28,17.641,17.851,17.567,17.59,6886210
2012-08-29,17.557,18.18,17.523,17.891,11457949
2012-08-30,17.851,17.859,17.659,17.734,4622231
2012-08-31,17.891,18.043,17.734,17.935,6935647
2012-09-04,17.851,18.061,17.659,17.899,8934600
2012-09-05,17.825,18.279,17.659,18.279,9443723
2012-09-06,18.304,19.095,18.271,18.859,14864541
2012-09-07,18.943,19.674,18.934,19.632,15366592
2012-09-10,19.555,19.674,19.272,19.304,9710136
2012-09-11,19.304,19.53,19.219,19.295,6479006
2012-09-12,19.438,19.598,19.362,19.428,6191466
2012-09-13,19.362,19.892,19.169,19.764,11285287
2012-09-14,19.901,20.439,19.85,20.279,14144816
2012-09-17,20.093,20.119,19.935,19.993,7261676
2012-09-18,20.403,20.539,20.178,20.522,13462612
2012-09-19,20.463,21.127,20.43,20.791,19086961
2012-09-20,20.447,20.615,20.085,20.514,8826974
2012-09-21,20.615,20.909,20.58,20.833,14545676
2012-09-24,20.59,20.733,20.261,20.463,6772752
2012-09-25,20.522,20.58,19.555,19.757,12293692
2012-09-26,19.53,19.935,19.196,19.647,9915702
2012-09-27,19.883,19.909,19.438,19.472,8146623
2012-09-28,19.319,19.405,19.076,19.11,10255260
2012-10-01,19.319,19.665,19.196,19.397,9025934
2012-10-02,19.742,20.242,19.045,19.892,25479440
2012-10-03,19.918,20.671,19.875,20.488,17546211
2012-10-04,20.622,20.725,20.43,20.706,10349262
2012-10-05,20.9,21.362,20.639,20.833,16964901
2012-10-08,20.825,20.841,20.59,20.639,7439635
2012-10-09,20.781,20.884,20.387,20.471,8582950
2012-10-10,20.506,20.648,20.242,20.353,7201258
2012-10-11,20.506,20.991,20.353,20.716,10442063
2012-10-12,20.631,20.856,20.439,20.53,5035800
2012-10-15,20.59,20.648,20.439,20.563,6088172
2012-10-16,20.598,20.875,20.506,20.825,5061795
2012-10-17,20.916,21.109,20.666,21.051,7145742
2012-10-18,21.076,21.606,20.966,21.471,11622070
2012-10-19,21.362,21.421,20.622,20.657,12445136
2012-10-22,20.631,20.875,20.387,20.681,8413710
2012-10-23,20.222,20.242,19.935,20.051,9756979
2012-10-24,20.288,20.387,19.875,19.901,7417362
2012-10-25,20.145,20.387,19.808,19.85,14137753
2012-10-26,19.834,20.076,19.481,19.555,12079966
2012-10-31,20.412,21.606,20.076,21.421,29413002
2012-11-01,21.446,21.715,20.926,21.572,17335268
2012-11-02,21.683,21.831,21.464,21.665,11810039
2012-11-05,21.37,21.831,21.295,21.48,9143759
2012-11-06,21.497,22.068,21.38,22,12962090
2012-11-07,21.538,21.563,20.934,21.027,13221360
2012-11-08,21.185,21.421,20.747,20.765,6238818
2012-11-09,20.479,21.237,20.479,21.035,9105624
2012-11-12,21.042,21.322,21.042,21.219,6305706
2012-11-13,20.942,21.153,20.791,20.849,11544730
2012-11-14,20.942,20.991,20.242,20.304,11413914
2012-11-15,20.312,20.32,19.774,20.06,11156370
2012-11-16,20.093,20.145,19.647,20.035,11485234
2012-11-19,20.387,20.951,20.269,20.942,9519679
2012-11-20,20.916,20.951,20.479,20.666,7831456
2012-11-21,20.639,20.976,20.522,20.666,5842831
2012-11-23,20.966,21.354,20.884,21.176,5471094
2012-11-26,21.144,21.344,20.957,21.193,7680408
2012-11-27,21.118,21.295,21,21.01,6930918
2012-11-28,20.741,21.253,20.697,21.237,6325126
2012-11-29,21.515,22.042,21.427,21.916,11919620
2012-11-30,21.748,21.984,21.488,21.738,7783757
2012-12-03,21.891,22.134,21.387,21.427,13489312
2012-12-04,21.253,21.421,20.598,21.344,15039781
2012-12-05,21.312,21.505,20.951,21,9113596
2012-12-06,20.926,21,20.547,20.639,11557746
2012-12-07,20.799,21.176,20.639,21.162,10785618
2012-12-10,21.051,21.344,21.035,21.237,7061450
2012-12-11,21.26,21.421,21.093,21.38,6748416
2012-12-12,21.454,21.9,21.37,21.529,9994291
2012-12-13,21.471,21.698,20.916,21.101,9211273
2012-12-14,21.068,21.093,20.497,20.671,11501195
2012-12-17,20.747,20.916,20.706,20.875,8488541
2012-12-18,20.985,21.454,20.833,21.413,11419457
2012-12-19,23.052,23.446,22.566,22.832,65324681
2012-12-20,22.679,23.085,22.574,22.965,18771351
2012-12-21,22.465,23.001,22.292,22.951,10445721
2012-12-24,22.941,23.303,22.941,23.234,5807278
2012-12-26,23.211,23.478,23.093,23.202,8340345
2012-12-27,23.303,23.514,23.043,23.487,11226380
2012-12-28,23.234,23.469,23.143,23.395,6111084
2012-12-31,23.268,24.277,23.202,24.219,15766257
2013-01-02,24.705,24.78,24.051,24.471,18579218
2013-01-03,24.404,25.394,24.228,25.05,27266837
2013-01-04,24.982,25.082,24.553,25.082,9603323
2013-01-07,24.899,25.082,24.614,24.916,9982523
2013-01-08,24.916,25.076,24.404,24.672,12422479
2013-01-09,24.847,25.437,24.832,25.176,15882080
2013-01-10,25.437,25.578,25.017,25.57,14423502
2013-01-11,25.519,25.706,25.293,25.503,8178710
2013-01-14,25.445,25.529,25.108,25.477,7898122
2013-01-15,25.293,25.771,25.159,25.706,8925686
2013-01-16,24.841,24.973,24.219,24.622,33690163
2013-01-17,24.764,24.909,24.52,24.771,14363117
2013-01-18,24.731,24.807,24.259,24.596,11898261
2013-01-22,24.52,24.587,23.839,24.051,22069422
2013-01-23,24.007,24.228,22.363,23.998,13518723
2013-01-24,24.017,24.342,23.816,24.176,9998356
2013-01-25,24.326,24.495,24.25,24.419,12211991
2013-01-28,24.404,24.487,24.034,24.219,8378883
2013-01-29,24.193,24.211,23.654,23.898,15549227
2013-01-30,23.756,24.067,23.328,23.469,13369673
2013-01-31,23.352,23.638,23.193,23.598,10341229
2013-02-01,23.847,23.94,23.589,23.663,12754031
2013-02-04,23.431,23.689,23.421,23.487,7751261
2013-02-05,23.544,24.025,23.544,24.017,13210854
2013-02-06,23.816,24.025,23.706,23.959,8345455
2013-02-07,24.091,24.286,23.544,23.915,12491786
2013-02-08,23.975,24.134,23.94,23.998,7519579
2013-02-11,23.949,24.067,23.816,23.967,6654351
2013-02-12,23.883,24.15,23.722,23.983,8542045
2013-02-13,24.167,24.25,23.889,24.083,11052042
2013-02-14,24.142,24.664,23.244,23.31,22888244
2013-02-15,23.177,23.45,22.864,23.32,15310521
2013-02-19,23.259,23.352,23.066,23.251,8441457
2013-02-20,23.361,23.361,22.722,22.764,8627003
2013-02-21,22.696,22.713,22.117,22.27,16540229
2013-02-22,22.178,22.781,22.101,22.772,11056148
2013-02-25,22.772,22.823,22.117,22.117,13241800
2013-02-26,22.386,22.558,22,22.539,15909539
2013-02-27,22.51,23.167,22.447,23.016,15614256
2013-02-28,23.102,23.158,22.586,22.805,12274104
2013-03-01,22.539,23.093,22.473,22.858,10736250
2013-03-04,22.797,22.925,22.671,22.758,7841330
2013-03-05,22.864,23.345,22.842,23.167,10952228
2013-03-06,23.32,23.487,23.202,23.446,10717369
2013-03-07,23.403,23.638,23.345,23.421,11225267
2013-03-08,23.446,23.681,23.431,23.523,7036080
2013-03-11,23.478,23.847,23.143,23.782,22763634
2013-03-12,23.739,24.058,23.598,23.831,12726610
2013-03-13,23.839,23.839,23.561,23.58,12246401
2013-03-14,23.561,23.714,23.552,23.654,7667754
2013-03-15,23.487,23.739,23.352,23.698,14422619
2013-03-18,23.478,23.646,23.294,23.552,16379827
2013-03-19,23.607,23.689,23.439,23.607,15177451
2013-03-20,23.73,24.614,23.681,24.53,30338205
2013-03-21,24.286,24.503,23.998,24.051,16013729
2013-03-22,24.034,24.117,23.487,23.706,15086715
2013-03-25,23.847,23.923,23.538,23.654,7940507
2013-03-26,23.773,23.816,23.514,23.646,8185952
2013-03-27,23.561,23.746,23.487,23.57,6481141
2013-03-28,23.538,23.598,23.219,23.368,11107911
2013-04-01,23.228,23.598,23.228,23.352,10517282
2013-04-02,23.487,23.773,23.126,23.459,19271086
2013-04-03,23.523,23.607,23.234,23.352,13332531
2013-04-04,23.31,23.523,23.108,23.303,10204709
2013-04-05,23.024,23.151,22.772,23.118,14038514
2013-04-08,23.102,23.219,23.016,23.177,13776749
2013-04-09,23.328,23.337,23.102,23.126,11525653
2013-04-10,23.259,23.949,23.251,23.831,15390407
2013-04-11,23.932,25,23.889,24.966,26553144
2013-04-12,24.847,25.067,24.825,24.881,18593800
2013-04-15,24.705,24.939,24.228,24.286,16761501
2013-04-16,24.503,24.797,24.503,24.756,9532734
2013-04-17,24.388,24.639,24.167,24.587,12702541
2013-04-18,24.571,24.678,24.15,24.342,13239334
2013-04-19,24.444,24.58,24.286,24.487,8551697
2013-04-22,24.53,24.646,24.234,24.571,8055619
2013-04-23,24.646,25.134,24.596,25.076,10064485
2013-04-24,25.092,25.873,25.082,25.578,25603247
2013-04-25,25.254,25.858,25.2,25.797,17270912
2013-04-26,25.865,25.873,25.225,25.622,16355124
2013-04-29,25.721,25.956,25.546,25.865,7377950
2013-04-30,25.848,26.015,25.68,25.906,9664452
2013-05-01,25.848,26.108,25.293,25.354,12374669
2013-05-02,26.293,26.73,26.082,26.175,22766822
2013-05-03,26.664,27.251,26.571,26.966,14877914
2013-05-06,26.897,27.075,26.695,26.73,10121876
2013-05-07,26.814,26.988,26.426,26.588,13606414
2013-05-08,26.386,27.04,26.116,26.948,11894292
2013-05-09,26.891,27.015,26.562,26.588,12930102
2013-05-10,26.502,26.629,26.015,26.393,15251118
2013-05-13,26.175,26.333,25.923,26.041,9640265
2013-05-14,26.058,26.629,26.049,26.502,12717332
2013-05-15,26.502,27.217,26.47,27.142,17958905
2013-05-16,26.958,27.446,26.882,27.208,12410640
2013-05-17,27.714,28.365,27.561,28.073,24884640
2013-05-20,28.029,28.57,28.023,28.31,18169262
2013-05-21,28.217,28.527,27.621,28.058,16418250
2013-05-22,27.909,28.502,27.714,27.916,15759492
2013-05-23,27.157,27.815,26.966,27.594,12543949
2013-05-24,27.343,27.721,27.308,27.612,6977402
2013-05-28,28.561,28.811,28.351,28.527,20201130
2013-05-29,28.319,28.811,28.1,28.604,12939213
2013-05-30,28.594,29.325,28.451,29.101,17958068
2013-05-31,29.007,29.216,28.467,28.467,12070217
2013-06-03,29.041,29.14,28.038,28.913,21174074
2013-06-04,29.737,29.812,29.193,29.368,36329252
2013-06-05,29.402,29.458,28.561,28.578,26600576
2013-06-06,28.662,29.007,28.375,28.932,95061693
2013-06-07,29.224,29.486,28.561,29.426,36527749
2013-06-10,29.552,29.602,28.999,29.183,18121587
2013-06-11,28.871,28.971,28.217,28.502,20265926
2013-06-12,28.794,28.947,27.923,28.1,16239960
2013-06-13,28.023,28.99,27.806,28.98,18583958
2013-06-14,28.947,29.083,28.637,28.803,12014462
2013-06-17,28.98,29.031,28.226,28.334,12136411
2013-06-18,28.394,28.612,28.091,28.57,11817152
2013-06-19,28.578,28.772,28.266,28.274,10034368
2013-06-20,28.065,28.065,27.116,27.351,34656598
2013-06-21,27.688,27.695,26.664,27.058,22619177
2013-06-24,26.68,26.747,26.15,26.393,22586048
2013-06-25,26.671,26.897,26.496,26.73,11034132
2013-06-26,27.034,27.47,26.905,27.343,12351506
2013-06-27,27.653,28.141,27.537,27.806,13099797
2013-06-28,27.737,28.325,27.552,27.982,18829494
2013-07-01,28.158,28.72,28.065,28.561,12274373
2013-07-02,28.594,29.35,28.411,28.645,18061417
2013-07-03,28.511,28.896,28.357,28.678,6804119
2013-07-05,28.856,29.257,28.763,29.123,8461348
2013-07-08,29.216,29.418,29.015,29.101,13374824
2013-07-09,29.316,29.611,29.164,29.333,8622688
2013-07-10,29.316,29.687,29.266,29.677,14111566
2013-07-11,30.004,30.409,29.938,30.361,15769641
2013-07-12,30.317,30.728,30.167,30.579,12790462
2013-07-15,30.746,30.846,30.477,30.662,10676195
2013-07-16,30.973,31.029,30.04,30.392,19374309
2013-07-17,30.433,30.711,30.307,30.544,13027353
2013-07-18,30.662,31.071,30.518,30.946,12713707
2013-07-19,30.989,30.989,30.289,30.754,13830591
2013-07-22,30.761,31.071,30.645,30.88,13404778
2013-07-23,30.989,31.039,30.677,30.754,11068966
2013-07-24,31.174,31.457,30.973,31.199,18083801
2013-07-25,31.475,31.678,30.67,31.148,21543738
2013-07-26,31.021,31.08,30.627,30.804,18923434
2013-07-29,30.72,30.804,30.367,30.561,10009003
2013-07-30,30.686,30.896,30.508,30.662,14576548
2013-07-31,30.761,30.846,29.966,30.132,24637682
2013-08-01,30.569,30.963,30.25,30.635,19225779
2013-08-02,30.61,31.233,30.526,31.039,14181745
2013-08-05,31.107,31.123,30.786,30.87,8511758
2013-08-06,30.61,30.653,30.206,30.206,16054296
2013-08-07,30.25,30.326,29.761,29.804,23096997
2013-08-08,29.912,30.332,29.882,30.25,17210995
2013-08-09,30.206,30.469,29.987,30.259,9174380
2013-08-12,30.04,30.326,29.902,30.224,10049517
2013-08-13,30.416,30.416,29.895,30.106,8506818
2013-08-14,30.106,30.25,29.577,29.882,13501427
2013-08-15,29.544,29.552,28.905,29.023,24265737
2013-08-16,29.054,29.325,28.711,28.878,14879211
2013-08-19,29.031,29.257,28.913,28.971,10950046
2013-08-20,29.031,29.325,28.604,29.224,16388644
2013-08-21,29.216,29.358,28.888,29.007,11664681
2013-08-22,29.115,29.444,29.108,29.393,11395102
2013-08-23,29.52,29.586,29.284,29.451,8912864
2013-08-26,29.426,29.838,29.275,29.333,12893340
2013-08-27,28.932,29.073,28.241,28.301,14173372
2013-08-28,28.201,28.696,28.141,28.495,10845611
2013-08-29,28.411,29.14,28.401,28.94,12568669
2013-08-30,28.98,29.015,28.476,28.628,9642097
2013-09-03,29.131,29.209,28.527,28.678,12984418
2013-09-04,28.728,30.158,28.703,30.114,27425222
2013-09-05,30.25,30.906,30.132,30.518,22184680
2013-09-06,30.579,30.761,29.912,30.367,16957736
2013-09-09,30.526,30.831,30.452,30.645,16085167
2013-09-10,31.029,31.307,30.846,31.08,12645166
2013-09-11,30.686,30.746,30.259,30.535,32174310
2013-09-12,30.552,30.711,30.141,30.552,18742600
2013-09-13,30.653,30.702,30.233,30.289,15050755
2013-09-16,30.635,30.761,30.367,30.425,17643063
2013-09-17,30.508,31.065,30.508,30.839,15466496
2013-09-18,30.88,31.695,30.839,31.569,25526425
2013-09-19,31.787,31.819,31.215,31.276,20028198
2013-09-20,31.618,31.651,30.937,30.937,42541693
2013-09-23,31.208,31.502,30.702,31.191,22007250
2013-09-24,31.215,31.895,31.133,31.451,28241671
2013-09-25,31.527,31.735,31.215,31.233,17994512
2013-09-26,31.24,31.374,30.88,31.039,16702537
2013-09-27,30.888,30.996,30.375,30.552,16963373
2013-09-30,29.994,30.5,29.922,30.214,21099862
2013-10-01,30.276,30.585,29.669,30.167,26055900
2013-10-02,30.022,30.241,29.595,30.19,23165565
2013-10-03,30.04,30.19,29.51,29.643,17857836
2013-10-04,29.77,30.073,29.51,29.987,16423268
2013-10-07,29.595,29.838,29.418,29.552,14499332
2013-10-08,29.611,29.63,28.703,28.737,28162342
2013-10-09,28.839,28.888,28.495,28.696,25117254
2013-10-10,29.183,29.309,29.073,29.275,21477810
2013-10-11,29.224,29.838,29.115,29.696,18340683
2013-10-14,29.257,29.779,29.24,29.677,13325074
2013-10-15,29.638,29.721,28.99,29.149,16315415
2013-10-16,29.418,29.577,29.216,29.51,18486773
2013-10-17,29.536,30.066,29.368,29.958,14977744
2013-10-18,30.416,30.493,29.973,30.15,17426203
2013-10-21,30.46,30.469,29.687,29.82,16013405
2013-10-22,29.922,30.351,29.712,29.744,20253443
2013-10-23,29.721,29.73,29.007,29.444,20603647
2013-10-24,29.812,30.268,29.486,29.929,22959969
2013-10-25,29.966,30.048,29.669,29.895,15294493
2013-10-28,29.77,30.214,29.761,30.073,15456948
2013-10-29,30.088,30.392,29.829,30.289,28636049
2013-10-30,31.248,31.542,30.896,31.276,50153193
2013-10-31,31.233,31.913,31.039,31.039,33458487
2013-11-01,31.224,32.098,31.123,31.409,36624351
2013-11-04,31.502,31.753,31.427,31.475,21434087
2013-11-05,31.315,31.509,31.14,31.156,18092337
2013-11-06,31.283,31.417,30.72,30.738,19244534
2013-11-07,30.754,30.87,30.167,30.176,23682384
2013-11-08,30.367,30.888,30.25,30.795,21669721
2013-11-11,30.813,31.156,30.662,30.813,16269096
2013-11-12,30.804,30.915,30.552,30.795,17099027
2013-11-13,30.662,32.368,30.645,32.294,52211806
2013-11-14,32.509,32.593,32.046,32.339,33918635
2013-11-15,32.349,32.827,32.09,32.568,25831088
2013-11-18,32.6,32.911,32.368,32.4,19989365
2013-11-19,32.4,32.543,31.828,31.932,23621960
2013-11-20,32.013,32.518,31.586,31.661,20116842
2013-11-21,32.635,32.761,31.954,32.022,40360510
2013-11-22,32.09,32.339,31.569,31.61,31875998
2013-11-25,31.712,31.812,31.409,31.542,25131423
2013-11-26,31.669,31.869,31.417,31.644,27140377
2013-11-27,31.678,32.751,31.586,32.635,32636578
2013-11-29,32.677,32.887,32.339,32.533,9133160
2013-12-02,32.844,33.087,32.686,32.852,25236359
2013-12-03,32.669,32.837,31.651,32.037,53382116
2013-12-04,32.368,33.28,32.022,32.518,47294371
2013-12-05,32.751,33.047,32.383,32.837,41169995
2013-12-06,33.591,33.92,33.265,33.744,45128959
2013-12-09,33.92,34.584,33.861,34.357,34850414
2013-12-10,34.063,34.55,33.935,33.935,38732170
2013-12-11,34.238,34.298,33.66,33.738,19503417
2013-12-12,33.686,34.116,33.609,33.644,22499200
2013-12-13,33.762,33.895,33.618,33.636,17720689
2013-12-16,34.07,34.902,33.987,34.809,39976229
2013-12-17,34.995,35.154,34.559,34.886,33681151
2013-12-18,34.584,34.776,33.482,34.667,61724773
2013-12-19,34.559,34.667,33.668,33.853,30034160
2013-12-20,34.004,34.484,33.752,34.432,59113349
2013-12-23,34.357,34.929,34.116,34.683,24235809
2013-12-24,34.653,34.701,34.298,34.34,9053669
2013-12-26,34.475,35.154,34.475,34.877,13295714
2013-12-27,34.701,34.809,34.324,34.391,11961994
2013-12-30,34.441,34.55,34.146,34.18,10401747
2013-12-31,34.19,34.475,34.088,34.331,13215388
2014-01-02,34.172,34.493,33.887,34.4,17575061
2014-01-03,34.373,34.4,32.761,33.243,49319512
2014-01-06,33.517,34.097,33.297,33.935,29840416
2014-01-07,34.19,34.391,33.686,33.769,16853476
2014-01-08,33.878,34.298,33.769,33.954,13504967
2014-01-09,34.34,34.391,33.837,34.013,11657299
2014-01-10,34.107,34.172,33.466,33.627,17381341
2014-01-13,33.738,34.136,33.131,33.251,24993256
2014-01-14,33.407,33.738,33.243,33.618,20894169
2014-01-15,33.288,33.407,32.728,33.081,106202881
2014-01-16,33.013,33.224,32.559,32.761,42966384
2014-01-17,32.819,32.844,32.2,32.424,33346119
2014-01-21,32.669,32.761,31.836,32.206,36650344
2014-01-22,32.256,32.61,32.022,32.593,20123687
2014-01-23,32.206,32.339,31.846,32.274,24473634
2014-01-24,31.979,32.013,30.831,30.937,47224859
2014-01-27,30.915,31.315,30.289,30.88,40381885
2014-01-28,31.215,31.248,30.846,30.921,18966670
2014-01-29,30.289,31.048,30.25,30.535,20860718
2014-01-30,30.98,31.14,30.645,30.946,18431816
2014-01-31,30.425,30.946,30.141,30.307,32394128
2014-02-03,30.469,30.5,29.325,29.611,46405833
2014-02-04,29.797,30.214,29.611,30.088,24938119
2014-02-05,30.106,30.106,29.368,29.602,35056114
2014-02-06,28.923,30.088,28.865,29.595,63917687
2014-02-07,30.214,30.635,29.753,30.332,37296467
2014-02-10,30.167,30.176,29.083,29.316,51539209
2014-02-11,29.586,30.022,29.558,29.611,28317865
2014-02-12,29.812,29.948,29.51,29.872,27753908
2014-02-13,29.544,29.586,29.201,29.568,36322851
2014-02-14,29.712,30.307,29.611,30.197,27199458
2014-02-18,30.635,30.653,30.241,30.5,29233726
2014-02-19,30.425,30.846,30.241,30.268,27462160
2014-02-20,30.402,30.746,30.241,30.67,22202543
2014-02-21,30.813,30.87,30.361,30.822,61573482
2014-02-24,30.831,30.929,30.61,30.702,26322356
2014-02-25,30.804,30.915,30.241,30.326,26811995
2014-02-26,30.197,31.191,30.19,30.937,31738652
2014-02-27,30.711,30.954,30.214,30.888,34226611
2014-02-28,30.853,30.88,30.15,30.409,52791777
2014-03-03,29.987,30.738,29.987,30.416,28586804
2014-03-04,30.728,31.071,30.6,31.021,21347598
2014-03-05,31.535,31.963,31.357,31.518,33924001
2014-03-06,31.812,31.963,31.535,31.535,22750869
2014-03-07,31.904,31.932,31.457,31.661,20900300
2014-03-10,31.55,31.55,30.88,31.156,20901162
2014-03-11,31.08,31.181,29.418,29.552,48916259
2014-03-12,29.201,29.611,28.871,29.284,55157164
2014-03-13,29.435,29.536,28.451,28.637,47175359
2014-03-14,28.738,29.291,28.449,28.89,37651005
2014-03-17,28.934,29.4,28.569,29.347,35047312
2014-03-18,29.391,29.867,29.237,29.806,25168182
2014-03-19,29.896,29.942,29.322,29.586,17333289
2014-03-20,29.485,29.891,29.152,29.885,17057630
2014-03-21,30.017,30.084,29.475,29.67,28338654
2014-03-24,29.4,29.806,29.051,29.781,25323770
2014-03-25,29.772,29.814,28.974,29.246,29283803
2014-03-26,29.391,29.442,28.984,29.002,20059011
2014-03-27,29.051,29.653,28.907,29.246,19331245
2014-03-28,29.356,29.678,29.291,29.433,22626311
2014-03-31,29.263,29.485,28.773,29.17,28660916
2014-04-01,29.237,29.781,29.087,29.105,54934674
2014-04-02,29.366,29.705,29.136,29.558,49396149
2014-04-03,29.611,30.084,29.433,30.036,24271180
2014-04-04,30.173,30.257,29.366,29.501,24034118
2014-04-07,29.383,29.433,28.662,28.907,28729259
2014-04-08,28.943,29.322,28.687,29.263,24325597
2014-04-09,28.729,29.019,28.475,28.493,39131478
2014-04-10,28.569,28.866,28.222,28.222,40476501
2014-04-11,27.994,28.042,26.864,27.061,53996121
2014-04-14,27.367,27.865,27.247,27.585,22135251
2014-04-15,27.746,28.341,27.367,28.271,27670812
2014-04-16,28.552,28.805,28.238,28.788,21405396
2014-04-17,28.672,28.89,28.645,28.796,14573931
2014-04-21,28.764,28.994,28.604,28.796,11692561
2014-04-22,28.841,29.189,28.813,29.01,14503624
2014-04-23,29.058,29.331,28.899,29.145,18955372
2014-04-24,30.084,30.257,28.409,28.957,39344971
2014-04-25,28.434,28.881,28.434,28.577,18917321
2014-04-28,28.662,28.764,28.399,28.612,23806803
2014-04-29,28.561,28.899,28.493,28.805,14264008
2014-04-30,28.738,29.272,28.678,29.22,16564040
2014-05-01,29.383,29.998,29.272,29.577,23094876
2014-05-02,29.687,29.942,29.544,29.638,13447986
2014-05-05,29.527,29.568,29.347,29.451,9965900
2014-05-06,29.722,29.781,29.451,29.451,11934762
2014-05-07,29.63,29.754,29.331,29.722,10939635
2014-05-08,29.644,30.027,29.433,29.535,12096342
2014-05-09,29.492,29.577,28.943,29.01,19827474
2014-05-12,29.136,29.611,29.136,29.509,11208497
2014-05-13,29.527,29.821,29.322,29.79,10675967
2014-05-14,29.746,29.754,29.492,29.611,12394568
2014-05-15,29.331,29.451,28.672,29.12,21343294
2014-05-16,28.577,29.366,28.382,28.813,25352455
2014-05-19,28.678,29.11,28.645,29.025,10626782
2014-05-20,29.025,29.068,27.93,28.025,29373804
2014-05-21,28.094,28.493,28.052,28.355,14622698
2014-05-22,28.298,28.561,28.23,28.323,9944904
2014-05-23,28.418,28.543,28.317,28.501,9754899
2014-05-27,28.757,28.796,28.618,28.764,10613670
2014-05-28,28.89,29.339,28.782,29.314,14837755
2014-05-29,29.322,29.366,29.025,29.197,12839041
2014-05-30,29.068,29.356,28.984,29.307,16722005
2014-06-02,29.272,29.577,29.058,29.544,13636506
2014-06-03,29.763,30.247,29.451,29.885,20213364
2014-06-04,30.084,31.255,29.961,30.95,39230731
2014-06-05,31.323,31.391,30.646,30.74,29610338
2014-06-06,30.825,31.405,30.551,31.235,20628163
2014-06-09,31.192,31.472,31.055,31.192,12028758
2014-06-10,31.004,31.362,30.919,31.107,9900784
2014-06-11,30.959,31.013,30.696,30.865,10375906
2014-06-12,30.762,31.004,30.329,30.355,19679595
2014-06-13,30.243,30.577,30.235,30.448,14097552
2014-06-16,30.329,30.919,30.329,30.816,14747044
2014-06-17,30.653,31.089,30.439,31.07,15460259
2014-06-18,31.079,31.165,30.704,31.02,19134700
2014-06-19,31.063,31.31,30.934,31.079,13196285
2014-06-20,31.235,31.26,30.848,30.951,16404695
2014-06-23,30.942,31.448,30.926,31.337,13563046
2014-06-24,31.293,31.679,31.165,31.26,17591498
2014-06-25,31.156,31.774,31.148,31.696,14276887
2014-06-26,31.525,31.593,31.115,31.533,13423965
2014-06-27,31.387,31.644,31.293,31.293,29755498
2014-06-30,31.269,31.533,30.748,31.02,24429517
2014-07-01,30.979,32.164,30.979,32.122,27399055
2014-07-02,32.046,32.6,31.936,32.25,20680058
2014-07-03,32.439,32.567,32.233,32.25,7891535
2014-07-07,32.396,32.396,31.766,31.995,13024272
2014-07-08,31.967,32.277,31.79,32.114,13792390
2014-07-09,32.182,32.586,32.156,32.449,13663590
2014-07-10,32.029,32.388,31.918,32.258,11583734
2014-07-11,32.233,32.482,32.122,32.43,7259279
2014-07-14,32.558,32.586,32.097,32.217,10900004
2014-07-15,32.14,32.43,31.995,32.114,10086738
2014-07-16,32.277,32.396,32.011,32.029,12817470
2014-07-17,31.882,32.192,31.626,31.705,12877088
2014-07-18,31.815,31.977,31.67,31.967,10229857
2014-07-21,31.943,32.071,31.662,31.986,7762172
2014-07-22,32.097,32.388,32.071,32.267,11299230
2014-07-23,32.295,32.403,31.967,31.967,16224396
2014-07-24,31.337,31.492,30.176,30.542,41768244
2014-07-25,29.992,30.158,29.525,29.97,33394124
2014-07-28,29.926,29.986,29.722,29.822,17615389
2014-07-29,29.97,30.08,29.422,29.439,19372208
2014-07-30,29.483,29.619,29.062,29.318,22164986
2014-07-31,29.184,29.26,28.868,28.901,15691084
2014-08-01,28.874,29.052,28.456,28.576,17920331
2014-08-04,28.851,29.072,28.627,28.72,13441336
2014-08-05,28.687,28.883,28.328,28.508,12885847
2014-08-06,28.397,28.774,28.397,28.542,10198052
2014-08-07,28.678,28.738,28.028,28.294,15827724
2014-08-08,28.276,28.678,28.276,28.654,11626085
2014-08-11,28.738,28.928,28.551,28.883,12724442
2014-08-12,28.842,29.175,28.672,28.797,12057882
2014-08-13,28.997,29.114,28.868,29.013,8372897
2014-08-14,28.891,29.013,28.389,29.013,11650895
2014-08-15,29.082,29.194,28.636,28.918,16562216
2014-08-18,29.13,29.43,29.091,29.397,12083761
2014-08-19,29.643,29.697,29.336,29.543,12195557
2014-08-20,29.465,29.67,29.312,29.507,10651474
2014-08-21,29.585,29.678,29.448,29.567,7713310
2014-08-22,29.491,29.499,29.184,29.26,10140645
2014-08-25,29.413,29.687,29.318,29.629,11171166
2014-08-26,29.705,29.907,29.594,29.782,8817465
2014-08-27,29.84,29.849,29.55,29.661,8329540
2014-08-28,29.491,29.697,29.241,29.637,6987998
2014-08-29,29.687,29.782,29.576,29.739,6504121
2014-09-02,29.807,30.03,29.585,29.739,9156111
2014-09-03,29.963,30.011,29.448,29.455,13605008
2014-09-04,29.473,29.84,29.43,29.594,11194428
2014-09-05,29.557,29.576,29.25,29.55,15996654
2014-09-08,29.334,29.438,28.576,28.654,25660515
2014-09-09,28.618,28.705,28.455,28.507,13759381
2014-09-10,28.551,28.74,28.499,28.697,12146859
2014-09-11,28.584,29.05,28.576,28.972,11818613
2014-09-12,28.863,28.963,28.533,28.679,12850575
2014-09-15,28.584,29.136,28.576,28.991,14512158
2014-09-16,28.876,29.266,28.835,29.057,12856826
2014-09-17,29.067,29.429,29.025,29.181,11949679
2014-09-18,29.248,29.498,29.248,29.334,10358796
2014-09-19,29.498,29.517,29.11,29.257,16845220
2014-09-22,29.086,29.171,28.517,28.827,12969351
2014-09-23,28.654,28.947,28.568,28.637,10128250
2014-09-24,28.731,29.033,28.463,29.008,12371829
2014-09-25,28.94,29.008,28.301,28.336,14278541
2014-09-26,28.481,28.705,28.395,28.593,10924895
2014-09-29,28.422,28.584,27.568,27.774,22859215
2014-09-30,27.792,28.051,27.298,27.534,28758364
2014-10-01,27.559,28.472,27.335,28.007,36122121
2014-10-02,28.032,28.79,28.007,28.603,24122475
2014-10-03,28.817,29.222,28.663,29.105,19698975
2014-10-06,29.171,29.517,28.767,29.095,10550963
2014-10-07,28.481,28.481,27.283,27.386,29766643
2014-10-08,27.448,27.774,26.541,27.739,32838995
2014-10-09,27.664,27.696,26.56,26.749,26795027
2014-10-10,26.103,26.671,25.941,26.112,23775193
2014-10-13,26.112,26.395,25.621,25.681,20561871
2014-10-14,25.775,26.189,25.731,25.955,16816075
2014-10-15,25.577,26.085,24.843,25.593,34363328
2014-10-16,25.109,25.989,25.078,25.808,21141260
2014-10-17,26.198,26.697,26.007,26.067,21274673
2014-10-20,26.05,26.309,25.879,26.154,13573090
2014-10-21,26.292,26.784,26.137,26.586,14589231
2014-10-22,26.388,27.153,26.352,26.988,20701197
2014-10-23,27.543,27.578,26.56,26.664,29512333
2014-10-24,26.757,26.965,25.844,25.895,35158636
2014-10-27,25.989,26.283,25.707,25.931,14837225
2014-10-28,26.198,26.911,25.982,26.869,30244048
2014-10-29,26.895,27.006,26.162,26.482,13501059
2014-10-30,26.352,26.749,26.247,26.533,11686466
2014-10-31,26.853,27.258,26.68,27.068,18025983
2014-11-03,27.025,27.12,26.541,26.879,11520598
2014-11-04,26.757,26.988,26.447,26.568,13988250
2014-11-05,26.853,26.879,26.343,26.492,12887215
2014-11-06,26.618,27.12,26.423,27.042,14766628
2014-11-07,26.988,27.363,26.931,27.232,11682762
2014-11-10,27.006,27.153,26.568,26.825,11944998
2014-11-11,26.757,27.068,26.722,27.025,8743249
2014-11-12,26.982,27.195,26.818,27.084,8649175
2014-11-13,27.162,27.498,27.128,27.283,9690898
2014-11-14,27.283,27.592,27.138,27.403,9855701
2014-11-17,27.584,28.007,27.498,27.85,13803029
2014-11-18,27.936,28.007,27.475,27.819,11329163
2014-11-19,27.767,27.85,27.534,27.714,9616895
2014-11-20,27.55,27.809,27.412,27.696,9341133
2014-11-21,28,28.061,27.559,27.696,9938270
2014-11-24,27.802,27.887,27.386,27.749,15444382
2014-11-25,27.802,27.914,27.559,27.782,10752819
2014-11-26,27.819,27.843,27.543,27.645,8601151
2014-11-28,27.922,28.912,27.782,28.817,16286883
2014-12-01,28.783,28.854,28.326,28.395,16693668
2014-12-02,28.49,28.981,28.439,28.672,17196052
2014-12-03,28.767,29.12,28.75,28.999,13512806
2014-12-04,29.017,29.025,28.481,28.525,13556763
2014-12-05,28.646,29.386,28.593,29.248,20568594
2014-12-08,29.152,29.189,28.36,28.424,18540939
2014-12-09,28.074,28.586,27.979,28.536,12816912
2014-12-10,28.457,28.57,27.717,27.805,13316804
2014-12-11,27.953,28.433,27.823,27.997,15271092
2014-12-12,27.883,27.971,27.457,27.457,12919880
2014-12-15,27.571,27.631,26.944,26.963,18493324
2014-12-16,26.63,27.004,26.352,26.726,27930092
2014-12-17,26.797,27.222,26.647,27.091,15270549
2014-12-18,27.517,27.613,27.109,27.613,16225581
2014-12-19,27.623,28.64,27.613,28.536,21835664
2014-12-22,28.368,28.969,28.368,28.9,15227432
2014-12-23,29.085,29.311,29.031,29.189,9738004
2014-12-24,29.161,29.215,28.909,29.075,5169501
2014-12-26,29.18,29.44,29.093,29.335,7671704
2014-12-29,29.456,30.291,29.387,30.091,19147644
2014-12-30,30.059,30.615,29.927,30.519,17208709
2014-12-31,30.649,30.833,30.344,30.362,14117953
2015-01-02,30.674,30.71,29.927,30.301,11217164
2015-01-05,30.422,30.658,29.632,29.857,18653012
2015-01-06,29.927,30.631,29.656,30.31,20406049
2015-01-07,30.64,31.267,30.475,31.171,22212946
2015-01-08,31.362,31.702,31.136,31.485,17484400
2015-01-09,31.494,31.63,30.798,30.952,16890689
2015-01-12,31.144,31.258,30.848,31.171,12252467
2015-01-13,31.38,31.658,30.162,30.658,25172612
2015-01-14,29.886,30.067,29.215,29.831,32079125
2015-01-15,30.249,30.328,29.031,29.075,22348891
2015-01-16,28.988,29.387,28.937,29.294,20443337
2015-01-20,29.484,29.578,29.006,29.51,13767289
2015-01-21,29.414,29.674,29.152,29.474,16499477
2015-01-22,29.702,29.728,28.969,29.414,16397314
2015-01-23,29.484,29.728,29.317,29.352,16084147
2015-01-26,29.317,29.605,29.222,29.311,12446294
2015-01-27,29.048,29.302,28.832,29.065,17009283
2015-01-28,29.144,29.197,28.483,28.562,16744885
2015-01-29,28.622,28.998,28.144,28.841,18188713
2015-01-30,28.596,28.832,28.368,28.368,22035695
2015-02-02,28.414,28.832,28.214,28.794,21151815
2015-02-03,29.135,29.744,29.085,29.553,30129254
2015-02-04,30.674,31.292,29.702,31.161,56682492
2015-02-05,31.553,31.831,31.318,31.527,23978445
2015-02-06,31.553,31.779,31.239,31.309,18764690
2015-02-09,31.128,31.397,30.884,31.309,17013555
2015-02-10,32.422,32.658,31.658,32.632,37206294
2015-02-11,32.623,32.927,32.422,32.762,26015048
2015-02-12,32.917,33.204,32.814,33.067,17863552
2015-02-13,32.988,33.11,32.483,32.719,16893991
2015-02-17,32.354,32.589,32.224,32.389,15115961
2015-02-18,32.396,32.589,32.295,32.344,9787878
2015-02-19,32.206,32.711,32.161,32.623,13541411
2015-02-20,32.605,32.806,32.318,32.743,10745009
2015-02-23,32.719,32.849,32.476,32.78,12614332
2015-02-24,32.719,32.972,32.684,32.831,9844213
2015-02-25,32.868,33.015,32.711,32.927,12829872
2015-02-26,32.886,33.164,32.623,32.668,12311846
2015-02-27,32.51,32.571,32.276,32.45,12061548
2015-03-02,32.492,32.798,32.492,32.711,12917014
2015-03-03,32.51,32.886,32.441,32.876,11539330
2015-03-04,32.728,32.876,32.441,32.676,14644118
2015-03-05,32.743,32.892,32.668,32.711,7612326
2015-03-06,32.581,32.658,31.944,32.04,15825992
2015-03-09,32.935,33.155,32.724,33.023,26206299
2015-03-10,32.819,33.128,32.576,32.925,23166711
2015-03-11,32.971,33.434,32.9,33.128,15044105
2015-03-12,33.181,33.734,33.181,33.696,15949949
2015-03-13,33.654,33.662,33.084,33.364,13005585
2015-03-16,33.575,33.846,33.504,33.831,12794376
2015-03-17,33.426,33.734,33.372,33.575,11065142
2015-03-18,33.47,33.846,33.128,33.76,21685972
2015-03-19,33.715,34.004,33.575,33.892,12836231
2015-03-20,33.943,34.134,33.803,34.083,22545859
2015-03-23,34.031,34.2,33.838,33.838,13293772
2015-03-24,33.75,33.776,33.102,33.188,18082552
2015-03-25,33.215,33.243,32.768,32.778,11643456
2015-03-26,33.092,33.243,32.576,32.75,15754365
2015-03-27,32.741,32.866,32.514,32.716,10534842
2015-03-30,32.953,33.205,32.908,33.039,11381842
2015-03-31,33.039,33.355,32.856,32.884,14407487
2015-04-01,32.69,32.768,32.057,32.216,18966730
2015-04-02,32.049,32.206,31.857,32.007,18837179
2015-04-06,31.794,32.416,31.751,32.147,15029623
2015-04-07,31.558,31.646,31.251,31.33,64117528
2015-04-08,31.46,31.732,31.349,31.664,31316570
2015-04-09,31.654,31.909,31.594,31.82,17620358
2015-04-10,32.199,32.25,31.891,32.066,19123655
2015-04-13,32.119,32.321,31.909,31.918,15430711
2015-04-14,31.969,32.288,31.952,31.988,14813739
2015-04-15,32.288,32.514,32.138,32.392,15626340
2015-04-16,32.531,32.6,32.216,32.514,13942726
2015-04-17,32.296,32.311,32.007,32.128,16393805
2015-04-20,32.399,32.592,32.226,32.541,15830102
2015-04-21,32.733,32.838,32.288,32.586,19536124
2015-04-22,32.558,32.637,32.155,32.586,18253300
2015-04-23,31.77,31.829,31.199,31.499,47693155
2015-04-24,31.33,31.4,31.075,31.209,24236969
2015-04-27,31.261,31.523,31.181,31.374,17673710
2015-04-28,31.349,31.531,30.84,31.321,16943940
2015-04-29,31.129,31.304,30.912,31.137,13579336
2015-04-30,30.919,31.066,30.629,30.743,18001014
2015-05-01,30.84,31.103,30.523,31.06,17457031
2015-05-04,31.129,31.321,31.041,31.041,13708091
2015-05-05,31.041,31.146,30.68,30.698,12622285
2015-05-06,30.814,30.892,30.295,30.489,14909814
2015-05-07,30.373,30.718,30.295,30.585,16004445
2015-05-08,30.767,31.094,30.718,30.971,14582689
2015-05-11,30.952,31.209,30.84,30.883,10073538
2015-05-12,30.655,30.655,30.26,30.462,16022251
2015-05-13,30.498,30.664,30.435,30.515,10489093
2015-05-14,30.69,30.725,30.278,30.383,14421088
2015-05-15,30.427,30.673,30.427,30.612,11150767
2015-05-18,30.664,30.864,30.558,30.735,11729531
2015-05-19,30.84,30.902,30.655,30.796,11240878
2015-05-20,30.902,30.952,30.393,30.708,14741529
2015-05-21,30.69,31.27,30.69,31.199,18265024
2015-05-22,31.146,31.339,31.06,31.304,11002990
2015-05-26,31.085,31.215,31.066,31.146,14297114
2015-05-27,31.146,31.4,31.066,31.4,11470793
2015-05-28,31.664,31.988,31.539,31.909,20600444
2015-05-29,31.998,32.076,31.435,31.539,18025876
2015-06-01,31.619,31.865,31.261,31.722,13699380
2015-06-02,31.646,32.007,31.539,31.761,19328036
2015-06-03,31.891,31.937,31.453,31.514,14617015
2015-06-04,31.27,31.453,31.103,31.163,12018428
2015-06-05,31.137,31.173,30.655,30.796,28087896
2015-06-08,30.982,31.115,30.833,30.999,17649103
2015-06-09,31.044,31.291,31.009,31.238,14561799
2015-06-10,31.407,31.557,31.266,31.53,12870108
2015-06-11,31.673,31.903,31.497,31.497,18984314
2015-06-12,31.345,31.805,31.345,31.636,12608145
2015-06-15,31.327,31.654,31.018,31.416,15820316
2015-06-16,31.327,31.7,31.149,31.547,7493821
2015-06-17,31.61,31.723,31.266,31.723,11610903
2015-06-18,31.779,32.319,31.762,32.071,17485097
2015-06-19,32.002,32.186,31.851,31.992,16740576
2015-06-22,32.152,32.374,32.01,32.062,15557432
2015-06-23,32.223,32.319,32.134,32.158,8217080
2015-06-24,31.814,31.867,31.107,31.149,19109466
2015-06-25,31.195,31.291,30.627,30.742,16471826
2015-06-26,30.742,30.848,30.369,30.459,13130415
2015-06-29,30.229,30.273,29.413,29.44,21127429
2015-06-30,29.652,29.741,29.29,29.529,14574111
2015-07-01,29.777,29.777,28.953,29.271,18251058
2015-07-02,29.405,29.635,29.29,29.44,9759430
2015-07-06,29.105,29.341,28.89,28.928,11776151
2015-07-07,28.899,29.193,28.358,29.112,20982384
2015-07-08,28.643,28.713,27.41,27.632,33829823
2015-07-09,28.013,28.129,27.392,27.475,19114206
2015-07-10,27.731,27.837,27.456,27.819,13813302
2015-07-13,28.237,28.262,27.872,28.067,18428947
2015-07-14,27.988,28.343,27.845,28.147,12227541
2015-07-15,28.217,28.262,27.731,27.845,20341998
2015-07-16,27.587,27.642,26.853,27.119,40545153
2015-07-17,27.146,27.287,26.96,27.153,18319574
2015-07-20,27.331,27.331,26.95,27.021,17657907
2015-07-21,27.031,27.075,26.853,26.924,26493800
2015-07-22,26.871,27.039,26.482,26.844,23554334
2015-07-23,28.928,28.969,27.819,27.909,43984200
2015-07-24,28.262,28.297,27.303,27.517,25924349
2015-07-27,27.419,27.748,27.11,27.508,26340292
2015-07-28,27.899,28.03,27.66,27.748,26169174
2015-07-29,27.889,28.403,27.845,28.306,23288988
2015-07-30,28.253,28.394,28.129,28.269,11426579
2015-07-31,28.422,28.464,27.845,27.916,13995481
2015-08-03,28.164,28.253,27.738,28.067,16706056
2015-08-04,28.05,28.147,27.809,27.924,17050642
2015-08-05,28.147,28.147,27.642,27.997,16257814
2015-08-06,27.988,28.288,27.587,28.227,22087092
2015-08-07,28.431,28.474,27.997,28.12,14628364
2015-08-10,28.306,28.572,28.227,28.297,13179511
2015-08-11,27.721,27.738,27.101,27.313,27473832
2015-08-12,26.96,27.465,26.392,27.35,26185880
2015-08-13,27.35,27.686,27.296,27.517,23062882
2015-08-14,27.587,27.952,27.517,27.899,13795806
2015-08-17,27.881,28.067,27.615,28.004,13610130
2015-08-18,27.828,28.147,27.767,28.093,10474375
2015-08-19,28.004,28.394,27.792,28.021,15710941
2015-08-20,27.845,27.872,27.313,27.322,15071509
2015-08-21,26.986,27.047,26.198,26.225,31087999
2015-08-24,24.186,25.604,21.812,24.629,40341086
2015-08-25,25.869,25.869,24.168,24.168,22536661
2015-08-26,24.47,24.984,23.832,24.895,31285529
2015-08-27,25.268,25.533,24.825,25.32,32167866
2015-08-28,25.347,25.815,25.277,25.693,17119835
2015-08-31,25.771,26.304,25.711,26.082,18380300
2015-09-01,25.852,26.021,25.162,25.372,18835745
2015-09-02,25.684,25.887,25.347,25.879,12163646
2015-09-03,26.03,26.322,25.711,25.791,12985144
2015-09-04,25.498,25.727,25.311,25.586,15164969
2015-09-08,26.136,26.523,26.136,26.472,21783453
2015-09-09,26.756,26.932,26.153,26.241,18120351
2015-09-10,26.178,27.327,26.178,26.905,20819672
2015-09-11,26.913,27.085,26.527,27.04,17109566
2015-09-14,27.003,27.595,26.96,27.551,22466465
2015-09-15,27.595,28.295,27.585,27.793,24977161
2015-09-16,27.873,28.314,27.731,27.982,19040785
2015-09-17,28.025,28.528,27.919,28.08,18559047
2015-09-18,27.783,27.911,27.318,27.364,34661126
2015-09-21,27.505,27.768,27.247,27.462,15973357
2015-09-22,26.386,26.96,26.377,26.931,19167449
2015-09-23,26.913,27.032,26.536,26.655,12574218
2015-09-24,26.377,26.465,25.803,26.403,21950951
2015-09-25,26.716,26.761,26.215,26.377,14907174
2015-09-28,26.269,26.296,25.507,25.614,17448907
2015-09-29,25.705,26.269,25.453,26.143,19003988
2015-09-30,26.565,26.994,26.349,26.923,21109373
2015-10-01,27.166,27.578,26.889,27.505,20362307
2015-10-02,27.085,28.484,27.048,28.456,18505573
2015-10-05,28.61,28.844,28.267,28.484,17178568
2015-10-06,28.528,29.04,28.528,28.895,15849814
2015-10-07,29.104,29.765,29.066,29.642,17573899
2015-10-08,29.55,30.044,29.47,29.981,14394711
2015-10-09,29.899,30.161,29.408,29.55,15798299
2015-10-12,29.632,29.74,29.254,29.614,12004742
2015-10-13,29.46,29.928,29.335,29.713,13145217
2015-10-14,29.775,30.044,29.525,29.891,13351301
2015-10-15,30.088,30.187,29.74,29.885,12091522
2015-10-16,29.928,30.008,29.489,29.731,10532274
2015-10-19,29.597,29.856,29.417,29.811,11244503
2015-10-20,29.756,30.395,29.667,30.027,13211156
2015-10-21,31.354,32.168,31.138,31.768,41527321
2015-10-22,31.963,32.098,31.363,31.768,25320031
2015-10-23,31.873,32.339,31.758,32.241,20380148
2015-10-26,32.198,32.232,31.622,31.991,15622238
2015-10-27,31.738,31.828,31.155,31.363,17322980
2015-10-28,31.381,31.658,31.074,31.587,10780702
2015-10-29,31.426,31.433,30.591,31.165,13477829
2015-10-30,31.255,31.57,30.907,31.308,11957270
2015-11-02,31.283,32.062,31.265,31.901,13222303
2015-11-03,31.865,32.278,31.713,32.089,16886870
2015-11-04,32.135,32.215,31.728,31.768,14179315
2015-11-05,31.865,31.892,31.56,31.785,8563034
2015-11-06,31.678,32.106,31.622,32.062,10455450
2015-11-09,32.268,32.394,31.785,31.991,11147401
2015-11-10,31.873,31.954,31.533,31.944,10801329
2015-11-11,32.053,32.297,31.856,31.882,7528405
2015-11-12,31.696,31.819,31.408,31.47,11875988
2015-11-13,31.363,31.541,30.654,30.769,13481286
2015-11-16,30.769,31.587,30.754,31.541,16278317
2015-11-17,31.606,31.919,31.398,31.578,13099501
2015-11-18,31.748,32.717,31.658,32.698,16576251
2015-11-19,32.672,32.708,32.349,32.411,10883495
2015-11-20,32.565,32.672,32.297,32.591,12034656
2015-11-23,32.637,33.068,32.339,32.359,10982073
2015-11-24,32.071,32.584,32.009,32.483,11536910
2015-11-25,32.42,32.664,32.385,32.591,8131633
2015-11-27,32.608,32.726,32.483,32.618,3232673
2015-11-30,32.823,33.077,32.457,32.467,15565038
2015-12-01,32.241,32.591,32.106,32.52,14112186
2015-12-02,32.565,32.608,31.944,32.045,10832209
2015-12-03,32.135,32.288,31.596,31.81,12037581
2015-12-04,31.929,32.591,31.719,32.51,12892553
2015-12-07,32.698,32.752,32.278,32.402,12603650
2015-12-08,32.135,32.168,31.596,31.819,13274791
2015-12-09,31.658,32.016,31.265,31.793,13036724
2015-12-10,31.614,32.188,31.55,31.954,9842298
2015-12-11,31.514,31.758,30.736,30.987,18142746
2015-12-14,31.193,31.245,30.538,30.843,15378578
2015-12-15,31.165,31.354,30.761,30.978,15470039
2015-12-16,31.132,31.873,31.041,31.848,16298990
2015-12-17,31.856,31.964,30.877,30.915,15942261
2015-12-18,30.776,30.867,30.398,30.516,21482654
2015-12-21,30.625,30.867,30.442,30.66,14145483
2015-12-22,31.004,31.258,30.877,31.075,10154504
2015-12-23,31.278,31.666,31.157,31.52,9728242
2015-12-24,31.466,31.495,31.268,31.357,3458954
2015-12-28,31.294,31.426,31.085,31.278,5250653
2015-12-29,31.412,31.438,30.963,31.268,7786049
2015-12-30,31.105,31.316,31.066,31.114,5177868
2015-12-31,31.004,31.085,30.815,30.824,7266845
2016-01-04,30.316,30.398,29.761,30.188,16387955
2016-01-05,30.205,30.278,29.164,29.391,21544661
2016-01-06,28.955,28.983,28.104,28.341,30359372
2016-01-07,27.424,27.93,27.031,27.181,23060057
2016-01-08,27.606,27.824,26.665,26.762,18143025
2016-01-11,27.525,27.624,26.899,27.414,18621493
2016-01-12,27.761,27.864,27.007,27.461,14783390
2016-01-13,28.848,28.911,27.27,27.632,34766114
2016-01-14,27.923,27.996,26.69,27.461,29869009
2016-01-15,26.699,26.899,26.101,26.799,25432204
2016-01-19,27.124,27.189,26.201,26.645,19669878
2016-01-20,26.156,27.099,25.665,26.665,23701020
2016-01-21,26.699,27.31,26.345,26.781,17464420
2016-01-22,27.334,27.454,26.31,26.535,20192315
2016-01-25,26.584,26.818,26.297,26.493,37104147
2016-01-26,26.655,26.963,26.319,26.872,12860362
2016-01-27,26.934,27.099,26.282,26.473,14255316
2016-01-28,26.708,26.716,25.737,26.301,18092644
2016-01-29,26.435,26.862,26.301,26.862,14811227
2016-02-01,26.699,27.405,26.374,27.288,15240407
2016-02-02,27.181,27.363,26.164,26.872,26196107
2016-02-03,27.28,27.414,25.539,26.21,32063053
2016-02-04,26.23,26.473,25.466,25.955,23157094
2016-02-05,25.983,26.463,25.751,25.866,15583494
2016-02-08,25.63,26.137,25.421,25.992,21151547
2016-02-09,25.494,26.164,25.169,25.259,23860365
2016-02-10,25.485,25.955,25.096,25.112,16725300
2016-02-11,24.906,25.458,24.189,24.38,27761316
2016-02-12,24.678,25.14,24.515,25.112,12151415
2016-02-16,25.375,25.91,25.159,25.901,16104998
2016-02-17,26.156,26.599,26.011,26.525,14599903
2016-02-18,26.69,26.777,26.205,26.31,12836006
2016-02-19,26.172,26.264,25.721,26.083,13638955
2016-02-22,26.445,26.862,26.31,26.853,13464347
2016-02-23,26.655,27.026,26.535,26.625,10976762
2016-02-24,26.029,26.192,25.203,26.138,23155401
2016-02-25,26.129,26.745,25.875,26.736,13133954
2016-02-26,26.944,27.152,26.767,26.853,17409242
2016-02-29,26.616,27.007,26.544,26.682,11374317
2016-03-01,27.206,27.396,26.21,27.196,23155166
2016-03-02,27.189,27.478,27.043,27.325,13343261
2016-03-03,27.424,28.294,27.37,28.158,20236060
2016-03-04,28.294,28.766,28.15,28.431,15406314
2016-03-07,28.375,28.8,28.266,28.631,12547455
2016-03-08,28.457,28.457,27.606,27.804,18526233
2016-03-09,27.962,28.108,27.713,28.024,13249848
2016-03-10,28.19,28.338,27.776,28.282,16447014
2016-03-11,28.493,28.751,28.43,28.685,14549077
2016-03-14,28.613,28.804,28.355,28.613,10192330
2016-03-15,28.319,28.521,27.932,28.493,9789599
2016-03-16,28.291,29.145,28.291,29.081,10887440
2016-03-17,29.117,29.455,29.03,29.328,12308449
2016-03-18,29.438,29.714,29.282,29.328,16816302
2016-03-21,29.465,29.54,29.136,29.438,8060098
2016-03-22,29.438,29.557,29.145,29.273,8930680
2016-03-23,29.292,29.302,28.603,28.732,9922912
2016-03-24,28.338,28.42,27.888,28.411,13121510
2016-03-28,28.566,28.675,28.393,28.465,6637809
2016-03-29,28.484,28.704,28.063,28.622,14878038
2016-03-30,28.852,29.061,28.406,28.439,14561330
2016-03-31,28.456,28.989,28.448,28.843,11120440
2016-04-01,28.613,28.632,27.824,27.962,18980198
2016-04-04,27.897,27.971,27.298,27.439,13227899
2016-04-05,27.226,27.282,26.932,27.163,9918505
2016-04-06,27.217,27.483,26.889,27.475,10483005
2016-04-07,27.39,27.483,26.777,26.997,14018351
2016-04-08,27.226,27.308,26.823,26.951,9635336
2016-04-11,27.062,27.566,27.052,27.099,9659997
2016-04-12,27.125,27.318,26.86,27.265,12177633
2016-04-13,27.54,28.328,27.475,28.245,12025773
2016-04-14,28.301,28.493,28.117,28.19,8934338
2016-04-15,28.154,28.31,27.902,28.044,8978073
2016-04-18,28.228,28.787,28.088,28.732,17121575
2016-04-19,29.044,29.512,29.008,29.337,15700482
2016-04-20,29.365,29.741,29.365,29.54,14068460
2016-04-21,30.448,30.659,29.797,29.971,24836431
2016-04-22,29.971,30.089,29.475,29.53,15026923
2016-04-25,29.447,29.465,28.999,29.319,11526289
2016-04-26,29.365,29.641,29.302,29.54,9481543
2016-04-27,29.53,29.631,29.355,29.512,7313543
2016-04-28,29.337,30.035,29.117,29.768,14644949
2016-04-29,29.686,29.686,28.926,29.182,13644463
2016-05-02,29.411,29.475,29.113,29.136,10669281
2016-05-03,28.969,28.999,28.141,28.675,16392911
2016-05-04,28.448,28.526,27.915,28.07,14905925
2016-05-05,28.255,28.272,27.804,28.024,11312074
2016-05-06,28.2,28.549,28.044,28.411,12438128
2016-05-09,28.448,28.511,28.024,28.245,8854198
2016-05-10,28.355,28.782,28.301,28.769,10005250
2016-05-11,28.741,28.869,28.448,28.521,9304160
2016-05-12,28.632,28.787,28.218,28.613,10187844
2016-05-13,28.328,28.709,27.87,28.006,11495229
2016-05-16,27.989,28.43,27.989,28.145,19329886
2016-05-17,27.897,28.24,27.786,28.108,10397854
2016-05-18,28.044,28.484,27.929,28.218,9212779
2016-05-19,27.998,28.154,27.686,27.824,11050362
2016-05-20,27.998,28.255,27.897,28.054,8429617
2016-05-23,27.989,28.108,27.847,28.07,7300049
2016-05-24,28.127,28.521,28.098,28.493,9527663
2016-05-25,28.622,29.153,28.558,29.044,11062507
2016-05-26,29.044,29.136,28.613,28.713,7353164
2016-05-27,28.732,29.034,28.685,28.804,6636098
2016-05-31,28.944,29.018,28.566,28.704,12861789
2016-06-01,28.584,28.584,27.41,27.732,28292241
2016-06-02,27.649,27.952,27.576,27.77,13783624
2016-06-03,27.612,27.668,27.081,27.163,20210906
2016-06-06,27.39,27.566,27.273,27.521,11969684
2016-06-07,27.677,27.878,27.483,27.74,15717748
2016-06-08,27.88,27.909,27.435,27.479,13977734
2016-06-09,27.395,27.415,27.095,27.285,12800877
2016-06-10,27.155,27.268,26.931,27.006,11541838
2016-06-13,26.811,27.322,26.765,27.025,14925777
2016-06-14,27.016,27.239,26.624,26.793,11568395
2016-06-15,26.931,27.155,26.756,26.821,9124442
2016-06-16,26.644,27.016,26.488,26.97,10385803
2016-06-17,27.081,27.352,27.006,27.165,13673377
2016-06-20,27.528,27.909,27.498,27.555,13252944
2016-06-21,27.546,27.667,27.352,27.425,11102330
2016-06-22,27.268,27.498,27.201,27.249,9363980
2016-06-23,27.498,27.74,27.462,27.713,10318655
2016-06-24,26.561,26.988,26.253,26.346,32469832
2016-06-27,26.105,26.115,25.409,25.566,20055387
2016-06-28,25.956,26.003,25.463,25.78,15129265
2016-06-29,26.022,26.207,25.649,26.179,11449247
2016-06-30,26.189,26.3,25.742,26.3,16523619
2016-07-01,26.664,26.931,26.355,26.848,16308224
2016-07-05,26.615,26.654,26.059,26.179,13098882
2016-07-06,26.022,26.403,25.575,26.394,15725750
2016-07-07,26.478,27.002,26.412,26.709,11646446
2016-07-08,27.201,27.76,27.201,27.564,17921859
2016-07-11,27.685,28.131,27.639,28.001,14924497
2016-07-12,28.299,28.671,28.242,28.439,18062655
2016-07-13,28.465,28.522,28.084,28.465,14308556
2016-07-14,28.698,28.856,28.439,28.585,12161865
2016-07-15,28.642,28.789,28.41,28.595,9064423
2016-07-18,28.577,28.902,28.448,28.688,9392307
2016-07-19,28.531,29.059,28.531,29.042,18452565
2016-07-20,29.2,29.347,28.874,29.264,22491251
2016-07-21,30.26,30.547,29.58,29.766,39042879
2016-07-22,29.832,29.963,29.479,29.889,14316456
2016-07-25,29.915,30.074,29.702,29.795,12173166
2016-07-26,29.72,29.943,29.637,29.879,10176806
2016-07-27,29.905,30.008,29.711,29.757,9840980
2016-07-28,28.856,28.996,28.484,28.799,21908398
2016-07-29,28.614,29.321,28.605,29.313,17378458
2016-08-01,29.313,29.386,28.996,29.089,12041512
2016-08-02,28.838,28.883,27.713,27.815,26190994
2016-08-03,27.88,28.113,27.797,28.103,15591210
2016-08-04,28.103,28.372,28.093,28.196,9300553
2016-08-05,28.353,28.707,28.346,28.624,14134566
2016-08-08,28.736,28.865,28.624,28.698,11255557
2016-08-09,28.726,29.042,28.652,28.874,14732030
2016-08-10,28.838,29.059,28.772,29.042,11649305
2016-08-11,29.21,29.544,29.144,29.506,14202588
2016-08-12,29.367,29.506,29.321,29.339,10589065
2016-08-15,29.357,29.637,29.321,29.609,10055309
2016-08-16,29.562,29.6,29.376,29.469,10628258
2016-08-17,29.469,29.628,29.321,29.6,9015211
2016-08-18,29.552,29.609,29.255,29.321,15157146
2016-08-19,29.255,29.637,29.182,29.58,9465226
2016-08-22,29.544,29.693,29.459,29.618,8938198
2016-08-23,29.711,29.786,29.618,29.646,11780717
2016-08-24,29.59,29.822,29.516,29.535,8789484
2016-08-25,29.469,29.506,29.139,29.313,17111081
2016-08-26,29.432,29.575,29.2,29.303,11228877
2016-08-29,29.535,29.702,29.339,29.562,8294312
2016-08-30,29.432,29.739,29.024,29.432,11565470
2016-08-31,29.432,29.683,29.414,29.664,10356043
2016-09-01,29.609,30.25,29.125,29.552,16030435
2016-09-02,29.628,29.925,29.6,29.889,11645076
2016-09-06,29.972,30.055,29.6,29.85,18037196
2016-09-07,30.085,30.085,29.738,29.99,13348415
2016-09-08,29.954,30.094,29.795,29.822,12552344
2016-09-09,29.568,29.679,28.562,28.666,23878527
2016-09-12,28.553,29.484,28.337,29.324,18325227
2016-09-13,29.173,29.296,28.985,29.099,17172898
2016-09-14,28.957,29.032,28.674,28.881,13719967
2016-09-15,28.92,29.37,28.91,29.267,14321704
2016-09-16,29.277,29.277,28.782,29.126,13588670
2016-09-19,30,30.171,29.775,29.832,34272548
2016-09-20,30.01,30.038,29.464,29.765,13689784
2016-09-21,29.832,30.245,29.832,30.197,15379590
2016-09-22,30.349,30.537,30.349,30.461,12744656
2016-09-23,30.189,30.443,30.142,30.207,10431246
2016-09-26,30.113,30.207,29.86,29.906,13504403
2016-09-27,29.879,30.058,29.662,29.718,15366726
2016-09-28,29.86,30.038,29.662,30,11375116
2016-09-29,29.879,30.058,29.577,29.606,9372345
2016-09-30,29.747,30.048,29.696,29.879,9904243
2016-10-03,29.756,30.325,29.728,30.133,12095675
2016-10-04,30.171,30.537,30.133,30.255,9043686
2016-10-05,30.386,30.829,30.311,30.735,11794254
2016-10-06,30.603,30.697,30.292,30.593,9153200
2016-10-07,30.565,30.659,30.142,30.414,9473402
2016-10-10,30.386,30.659,30.202,30.236,6479443
2016-10-11,30.311,30.359,29.803,29.99,8482491
2016-10-12,30,30.085,29.765,29.795,5940743
2016-10-13,29.606,29.747,29.042,29.634,12869251
2016-10-14,29.869,30.085,29.79,29.974,11808119
2016-10-17,29.944,30.151,29.652,29.681,7948304
2016-10-18,29.935,29.982,29.333,29.531,8475522
2016-10-19,29.662,30.077,29.606,29.954,9711125
2016-10-20,29.889,29.964,29.521,29.86,8588946
2016-10-21,29.7,30.255,29.606,30.133,12691861
2016-10-24,30.265,31.111,30.236,31.018,21486290
2016-10-25,30.894,30.894,29.521,29.718,36210501
2016-10-26,29.361,29.85,29.267,29.7,15878620
2016-10-27,29.86,29.889,29.333,29.464,21951413
2016-10-28,29.464,29.869,29.361,29.454,11239572
2016-10-31,29.548,29.765,29.484,29.718,8457571
2016-11-01,29.812,30.171,29.333,29.606,15595837
2016-11-02,29.464,29.832,29.446,29.577,12506508
2016-11-03,29.577,29.756,29.108,29.22,14588628
2016-11-04,29.153,29.662,29.099,29.306,13578222
2016-11-07,29.7,30.232,29.662,30.113,14413455
2016-11-08,30,30.067,29.541,29.84,11017921
2016-11-09,29.069,29.296,28.411,29.117,41034048
2016-11-10,29.089,30.875,29.069,30.781,29565187
2016-11-11,30.555,32.243,30.47,31.995,35112604
2016-11-14,31.882,32.372,31.082,31.299,21494330
2016-11-15,31.317,31.605,31.129,31.439,11596440
2016-11-16,31.374,31.374,31.102,31.251,9379763
2016-11-17,31.008,31.449,30.801,31.43,12445931
2016-11-18,31.412,31.43,30.998,31.035,9160471
2016-11-21,31.251,31.299,31.013,31.045,12391809
2016-11-22,30.865,31.806,30.82,31.798,13060102
2016-11-23,31.73,31.966,31.684,31.844,9260516
2016-11-25,31.976,32.272,31.91,32.21,5654387
2016-11-28,32.304,32.333,31.938,32.023,12237517
2016-11-29,32.004,32.521,31.844,32.511,13402881
2016-11-30,32.634,32.898,32.398,32.475,16673567
2016-12-01,32.737,34.478,32.718,34.261,39427436
2016-12-02,34.092,34.138,33.197,33.301,24177996
2016-12-05,33.606,33.711,33.192,33.216,13069532
2016-12-06,33.359,33.426,33.187,33.341,12483055
2016-12-07,33.446,34.738,33.359,34.509,27999396
2016-12-08,34.405,34.661,34.262,34.623,15266943
2016-12-09,34.613,35.821,34.613,35.803,27800015
2016-12-12,35.659,35.878,35.185,35.27,16382615
2016-12-13,35.317,35.593,35.127,35.518,9599690
2016-12-14,34.509,34.965,34.157,34.176,20820436
2016-12-15,34.101,34.594,34.015,34.452,19158937
2016-12-16,34.604,34.613,34.32,34.576,24983587
2016-12-19,34.689,34.918,34.366,34.604,11528336
2016-12-20,34.604,34.918,34.442,34.803,9241111
2016-12-21,34.699,34.879,34.561,34.623,7015300
2016-12-22,34.5,34.604,33.872,33.93,10420590
2016-12-23,34.063,34.101,33.786,33.93,9692262
2016-12-27,34.033,34.157,33.748,33.786,6296285
2016-12-28,33.977,34.033,33.396,33.416,8833375
2016-12-29,33.511,33.73,33.386,33.406,4645023
2016-12-30,33.472,33.568,32.96,33.121,8042658
2017-01-03,33.255,33.815,33.121,33.416,11469220
2017-01-04,33.843,35.398,33.72,35.26,24561089
2017-01-05,35.185,35.222,34.286,34.594,16435636
2017-01-06,34.613,34.743,34.157,34.215,13923344
2017-01-09,34.337,34.733,34.091,34.233,15993560
2017-01-10,34.405,36.278,34.271,35.508,36604711
2017-01-11,35.688,36.23,35.383,36.077,20562784
2017-01-12,36.126,36.268,35.232,35.659,17702248
2017-01-13,35.698,35.906,35.317,35.498,9164987
2017-01-17,35.498,35.831,35.332,35.469,8650634
2017-01-18,35.603,35.726,35.288,35.623,11785920
2017-01-19,35.773,35.973,35.327,35.459,8675306
2017-01-20,35.573,35.573,34.947,35.185,14593988
2017-01-23,35.185,35.298,34.586,34.843,12205422
2017-01-24,34.889,35.403,34.871,35.175,12201398
2017-01-25,35.85,36.482,35.745,36.392,21817135
2017-01-26,36.221,36.363,35.528,35.668,11368312
2017-01-27,35.668,35.736,35.06,35.185,10756968
2017-01-30,35.023,35.08,34.347,34.538,12397627
2017-01-31,34.461,34.843,34.337,34.803,11233214
2017-02-01,34.871,35.28,34.091,34.357,14453756
2017-02-02,34.301,34.357,33.72,33.968,12371345
2017-02-03,34.148,34.538,33.92,34.538,14686684
2017-02-06,34.613,35.013,34.471,35.013,14631255
2017-02-07,33.986,34.186,33.083,33.369,41500979
2017-02-08,33.462,33.586,33.007,33.406,17740264
2017-02-09,33.541,33.653,33.291,33.351,15597864
2017-02-10,33.472,33.576,33.351,33.436,10856862
2017-02-13,33.635,33.786,33.446,33.768,10652663
2017-02-14,34.908,35.554,34.861,35.403,33007140
2017-02-15,35.127,35.28,34.794,35.25,16485574
2017-02-16,35.28,35.327,35.003,35.202,9844884
2017-02-17,34.975,36.031,34.613,35.383,16596053
2017-02-21,35.745,36.221,35.573,35.945,15265587
2017-02-22,36.021,36.226,35.931,35.973,9574865
2017-02-23,36.068,36.191,35.355,35.413,13822882
2017-02-24,35.051,35.355,34.766,35.08,13715042
2017-02-27,35.098,35.518,35.042,35.432,10615452
2017-02-28,35.317,35.383,34.748,35.023,11020314
2017-03-01,35.365,35.888,35.345,35.583,11239086
2017-03-02,35.528,36.221,35.413,35.897,15693568
2017-03-03,35.897,36.477,35.726,36.343,20519099
2017-03-06,36.106,36.648,35.365,36.04,21235881
2017-03-07,35.897,35.973,35.459,35.668,18124773
2017-03-08,35.639,36.194,35.639,35.794,11845759
2017-03-09,35.852,35.87,35.323,35.372,13226191
2017-03-10,35.632,35.713,35.313,35.372,18997535
2017-03-13,35.535,35.654,35.372,35.41,10532461
2017-03-14,35.294,35.501,35.227,35.496,6168675
2017-03-15,35.602,35.688,35.333,35.622,29248135
2017-03-16,35.622,35.649,35.313,35.612,13118451
2017-03-17,35.659,35.688,34.862,34.891,20409854
2017-03-20,34.92,35.006,34.19,34.296,40089269
2017-03-21,34.526,34.555,33.105,33.182,32167499
2017-03-22,32.951,33.24,32.614,33.027,19720929
2017-03-23,32.654,33.091,32.452,32.903,15134875
2017-03-24,33.037,33.68,32.73,33.191,16925649
2017-03-27,32.922,33.373,32.624,33.336,13460368
2017-03-28,33.286,34.814,33.286,34.152,31017823
2017-03-29,34.21,34.632,34.113,34.132,14449342
2017-03-30,34.094,34.372,33.916,34.007,9050176
2017-03-31,33.95,34.104,33.873,33.96,12254623
2017-04-03,33.931,33.998,32.462,32.816,33207913
2017-04-04,32.558,33.067,32.558,32.913,9887301
2017-04-05,33.249,33.278,32.644,32.654,11081287
2017-04-06,32.674,33.105,32.548,32.807,12657803
2017-04-07,32.683,32.846,32.366,32.375,15140315
2017-04-10,32.499,32.769,32.462,32.624,14371391
2017-04-11,32.74,32.74,32.255,32.578,10854242
2017-04-12,32.683,32.932,32.385,32.594,15319649
2017-04-13,32.442,32.568,32.048,32.067,9891294
2017-04-17,32.145,32.634,32.048,32.558,11175766
2017-04-18,32.385,32.486,32.158,32.356,7296744
2017-04-19,32.548,32.75,32.375,32.452,12877414
2017-04-20,32.604,33.153,32.558,32.75,12126144
2017-04-21,32.76,32.807,32.279,32.413,10081378
2017-04-24,32.71,32.797,32.297,32.568,13485664
2017-04-25,32.75,32.807,32.385,32.644,12013763
2017-04-26,32.664,33.556,32.604,33.019,15299736
2017-04-27,33.153,33.22,32.604,33.172,14435140
2017-04-28,33.68,33.893,33.057,33.268,17337381
2017-05-01,33.259,33.278,32.779,32.846,13315654
2017-05-02,32.74,32.98,31.52,31.886,25204541
2017-05-03,31.72,32.326,31.704,32.154,13130849
2017-05-04,32.317,32.336,31.664,31.836,12976244
2017-05-05,31.981,32.432,31.886,32.432,10562316
2017-05-08,32.508,32.893,32.462,32.624,12216480
2017-05-09,32.558,33.105,32.558,32.903,8781288
2017-05-10,32.893,33.095,32.73,32.875,7981195
2017-05-11,32.72,32.875,32.558,32.76,9418075
2017-05-12,32.594,32.792,31.952,32.289,13004452
2017-05-15,32.624,32.797,32.317,32.481,14145893
2017-05-16,32.558,32.644,32.034,32.097,14103829
2017-05-17,31.846,32.183,30.82,31.136,19399633
2017-05-18,30.953,31.376,30.935,31.184,14609671
2017-05-19,31.261,31.664,31.222,31.424,14575711
2017-05-22,31.664,31.933,31.443,31.616,19007007
2017-05-23,31.74,32.077,31.699,31.904,18298956
2017-05-24,31.886,32.087,31.694,31.886,11159496
2017-05-25,31.886,32.145,30.656,31.309,33675672
2017-05-26,31.078,31.76,30.962,31.76,17499482
2017-05-30,31.78,32.398,31.73,32.201,14497133
2017-05-31,32.375,32.624,32.154,32.588,17219248
2017-06-01,32.71,33.488,31.74,33.067,23590943
2017-06-02,32.989,33.163,32.614,33.085,12134369
2017-06-05,33.105,33.364,32.903,33.095,12374681
2017-06-06,32.971,33.114,32.75,33.067,11997031
2017-06-07,33.202,33.464,33.105,33.349,13406424
2017-06-08,32.901,33.232,32.863,33.125,11052368
2017-06-09,33.067,33.446,33.067,33.349,15295350
2017-06-12,33.232,33.814,33.232,33.678,14730459
2017-06-13,33.678,33.697,33.212,33.513,12442681
2017-06-14,33.543,33.64,33.164,33.61,10901830
2017-06-15,33.416,33.669,33.386,33.6,10479767
2017-06-16,33.59,33.6,32.945,33.299,16674973
2017-06-19,33.377,33.571,33.289,33.357,11555129
2017-06-20,33.349,33.523,33.164,33.406,8543447
2017-06-21,33.483,33.503,32.97,33.144,9399140
2017-06-22,33.067,33.349,32.882,33.202,9194127
2017-06-23,33.154,33.28,32.979,33.212,10542543
2017-06-26,33.28,33.649,33.192,33.523,12186019
2017-06-27,33.339,33.503,33.032,33.222,12003696
2017-06-28,33.571,33.746,33.464,33.58,11328932
2017-06-29,33.659,33.921,33.533,33.853,10512536
2017-06-30,33.96,34.037,33.766,33.921,7897692
2017-07-03,33.523,34.96,33.455,34.543,11240468
2017-07-05,34.543,34.552,33.872,33.999,11140412
2017-07-06,33.863,34.144,33.727,33.863,8808313
2017-07-07,33.989,34.032,33.766,33.931,8753817
2017-07-10,33.989,34.329,33.863,34.173,10860006
2017-07-11,34.173,34.436,34.125,34.377,10423859
2017-07-12,34.474,34.863,34.445,34.474,7743064
2017-07-13,34.474,35.077,34.426,34.824,14182371
2017-07-14,34.989,35.382,34.941,35.3,10532263
2017-07-17,35.329,35.484,35.154,35.329,10936838
2017-07-18,35.261,35.431,35.174,35.378,7939931
2017-07-19,35.329,35.484,35.251,35.417,8034176
2017-07-20,35.445,35.571,35.242,35.358,10431970
2017-07-21,35.008,35.067,34.678,35.028,9083010
2017-07-24,34.951,35.048,34.691,34.785,11949142
2017-07-25,34.901,35.125,34.474,34.543,14929329
2017-07-26,34.523,34.873,34.377,34.591,11060012
2017-07-27,34.494,34.951,34.358,34.901,10266141
2017-07-28,34.785,34.834,34.455,34.737,7755960
2017-07-31,34.785,35.251,34.756,34.941,14256082
2017-08-01,34.775,34.941,33.59,33.756,22222739
2017-08-02,33.64,33.979,33.62,33.814,9523772
2017-08-03,33.911,34.173,33.746,33.766,10670577
2017-08-04,33.95,34.426,33.756,34.251,9431822
2017-08-07,34.144,34.372,34.106,34.28,8500213
2017-08-08,34.28,34.795,34.213,34.367,9290168
2017-08-09,34.134,34.412,34.057,34.261,8505530
2017-08-10,34.183,34.28,33.863,33.872,9912369
2017-08-11,33.96,34.188,33.856,33.921,7020963
2017-08-14,34.144,34.533,34.037,34.445,7585844
2017-08-15,34.533,34.824,34.397,34.513,6192957
2017-08-16,34.62,34.737,34.494,34.717,7133338
2017-08-17,34.581,34.625,33.96,33.989,7390796
2017-08-18,33.892,34.047,33.61,33.824,7406446
2017-08-21,33.892,34.047,33.78,33.901,6173141
2017-08-22,33.989,34.397,33.96,34.28,8046631
2017-08-23,34.251,34.63,34.106,34.464,6621675
2017-08-24,34.61,34.698,34.426,34.494,5102843
2017-08-25,34.513,34.844,34.513,34.571,6862181
2017-08-28,34.65,34.747,34.275,34.484,8229739
2017-08-29,34.329,34.523,34.193,34.494,5683997
2017-08-30,34.513,34.804,34.387,34.785,7464398
2017-08-31,34.863,35.678,34.863,35.484,13972564
2017-09-01,35.668,36.659,35.591,36.281,18506244
2017-09-05,36.213,36.348,35.8,36.154,13116023
2017-09-06,36.426,36.649,36.251,36.582,12726508
2017-09-07,36.69,36.72,36.003,36.209,14604897
2017-09-08,36.101,36.336,35.925,36.297,8338890
2017-09-11,36.405,36.768,36.336,36.64,13750912
2017-09-12,36.7,37.278,36.64,37.17,10967298
2017-09-13,37.16,37.553,37.102,37.485,10814188
2017-09-14,37.465,38.436,37.386,38.053,17857897
2017-09-15,38.004,38.289,37.906,38.141,25841861
2017-09-18,38.161,38.24,37.817,37.857,12599466
2017-09-19,37.808,38.132,37.808,37.965,11769291
2017-09-20,38.122,38.259,37.955,38.141,12632833
2017-09-21,38.122,38.49,38.122,38.357,14077838
2017-09-22,38.554,38.789,38.436,38.672,12912171
2017-09-25,39.427,39.868,39.24,39.535,21958494
2017-09-26,39.564,39.849,39.417,39.495,14531644
2017-09-27,39.545,39.917,39.397,39.809,9889581
2017-09-28,39.711,39.809,39.603,39.809,9831552
2017-09-29,39.789,39.897,39.505,39.613,9091895
2017-10-02,40.231,41.673,40.025,41.349,34455781
2017-10-03,42.301,42.87,42.183,42.624,31633889
2017-10-04,42.526,43.106,42.38,42.948,13680265
2017-10-05,43.066,43.243,42.85,43.017,16951696
2017-10-06,43.204,44.312,43.164,44.077,21322668
2017-10-09,44.175,44.567,44.077,44.469,11134922
2017-10-10,44.43,44.469,44.008,44.351,14297316
2017-10-11,44.44,44.724,44.224,44.606,13606989
2017-10-12,44.116,44.567,43.311,44.037,16022686
2017-10-13,44.42,45.234,44.145,45.008,14200449
2017-10-16,44.9,44.989,44.488,44.89,9011422
2017-10-17,44.93,45.185,44.101,44.165,14343086
2017-10-18,44.42,44.724,44.175,44.263,11086300
2017-10-19,43.9,44.538,43.713,44.488,13140986
2017-10-20,44.636,44.862,44.283,44.744,12414639
2017-10-23,44.675,44.94,44.292,44.292,10963508
2017-10-24,45.038,45.871,44.852,45.597,28419932
2017-10-25,44.832,45.097,43.919,44.263,18406902
2017-10-26,44.332,44.774,44.243,44.39,9836626
2017-10-27,44.283,44.312,43.262,43.793,12104602
2017-10-30,42.183,42.978,41.457,42.546,24249920
2017-10-31,42.409,42.84,42.144,42.164,13495267
2017-11-01,41.909,42.546,41.104,42.311,14985657
2017-11-02,42.478,42.478,41.653,41.791,12238752
2017-11-03,41.791,41.919,41.389,41.536,10039293
2017-11-06,41.497,41.555,40.564,41.34,14447180
2017-11-07,41.349,41.605,40.8,40.908,9050129
2017-11-08,41.065,41.32,40.742,41.31,14493570
2017-11-09,41.242,41.354,40.83,41.31,9069262
2017-11-10,41.34,42.183,41.261,41.849,14372142
2017-11-13,41.791,42.802,41.741,42.742,11957204
2017-11-14,42.33,42.624,41.929,42.183,9615815
2017-11-15,41.919,42.223,41.3,42.046,13881774
2017-11-16,42.223,42.802,41.987,42.772,11465119
2017-11-17,42.704,43.302,42.659,43.046,10799334
2017-11-20,43.635,44.233,43.419,44.027,15372326
2017-11-21,44.214,44.321,43.811,44.116,12202595
2017-11-22,44.037,44.096,43.37,43.449,10027108
2017-11-24,43.605,43.694,43.4,43.615,3879577
2017-11-27,43.625,43.645,43.046,43.331,8818854
2017-11-28,43.507,44.224,43.303,44.067,16239639
2017-11-29,44.243,44.488,42.958,42.978,19803911
2017-11-30,43.164,43.685,41.889,42.272,33140307
2017-12-01,42.37,42.428,41.075,41.977,19697437
2017-12-04,42.38,42.596,42.1,42.232,14280578
2017-12-05,42.193,42.242,41.713,41.987,11506796
2017-12-06,41.761,41.879,41.34,41.349,13115240
2017-12-07,41.29,41.963,41.122,41.597,16617336
2017-12-08,41.834,41.874,41.423,41.597,13797245
2017-12-11,41.458,41.508,41.142,41.25,14241439
2017-12-12,41.231,41.349,40.845,41.112,8911079
2017-12-13,41.122,41.488,40.973,40.983,10070246
2017-12-14,40.963,41.023,40.29,40.399,9369744
2017-12-15,40.508,40.914,40.508,40.538,24714766
2017-12-18,40.854,41.894,40.835,41.735,22359475
2017-12-19,42.28,42.369,42.013,42.062,13375365
2017-12-20,42.31,42.349,41.963,42.092,8724343
2017-12-21,42.151,42.32,41.706,41.735,10246912
2017-12-22,41.874,41.884,41.389,41.597,4954873
2017-12-26,41.439,41.666,41.211,41.379,3403688
2017-12-27,41.34,41.429,40.884,40.894,4982986
2017-12-28,40.924,41.023,40.785,40.963,5055668
2017-12-29,41.102,41.173,40.577,40.577,6646383
2018-01-02,40.825,41.448,40.736,41.379,6995287
2018-01-03,41.785,42.518,41.775,42.389,14728691
2018-01-04,42.656,43.804,42.617,43.696,17472927
2018-01-05,44.052,44.191,43.517,43.567,9616766
2018-01-08,43.597,44.141,43.082,43.775,13232750
2018-01-09,43.864,44.141,43.3,43.606,7846913
2018-01-10,43.399,43.696,42.181,42.567,18463829
2018-01-11,42.844,43.824,42.72,43.745,11343157
2018-01-12,43.705,44.25,43.22,43.626,15047497
2018-01-16,44.646,45.062,43.309,43.745,20200692
2018-01-17,43.567,43.824,42.963,43.587,15999026
2018-01-18,43.735,43.745,43.201,43.418,11983573
2018-01-19,43.606,43.646,42.607,42.716,13678433
2018-01-22,42.725,42.983,42.389,42.854,19588629
2018-01-23,42.904,43.003,42.473,42.943,14209963
2018-01-24,43.062,43.953,43.013,43.715,11436181
2018-01-25,44.012,44.032,42.542,42.725,11141066
2018-01-26,42.884,43.126,42.557,43.052,8697508
2018-01-29,43.032,43.339,42.55,42.587,8259394
2018-01-30,42.399,42.785,42.092,42.27,8526317
2018-01-31,42.349,42.518,41.716,41.983,19937745
2018-02-01,41.696,42.171,41.528,42.003,9727780
2018-02-02,41.795,41.844,40.439,40.587,14122691
2018-02-05,40.567,41.25,39.112,39.142,19750256
2018-02-06,39.657,41.805,39.597,41.439,27262765
2018-02-07,41.379,43.121,41.231,41.963,19579953
2018-02-08,42.032,42.28,40.33,40.34,18212066
2018-02-09,40.746,41.547,39.825,41.043,19768325
2018-02-12,41.528,42.191,41.191,41.577,19572732
2018-02-13,41.28,41.646,40.953,40.983,9017647
2018-02-14,40.617,41.488,40.518,41.389,10373938
2018-02-15,41.637,41.785,40.978,41.429,9814505
2018-02-16,41.429,41.854,40.587,40.676,15012544
2018-02-20,40.359,40.914,40.359,40.359,7753744
2018-02-21,40.34,40.884,40.102,40.152,9177070
2018-02-22,40.251,40.785,40.092,40.498,8871715
2018-02-23,40.637,40.726,40.171,40.498,6484564
2018-02-26,40.666,41.201,40.359,41.122,9481526
2018-02-27,41.072,41.122,39.716,39.766,12868405
2018-02-28,39.221,39.746,38.919,38.954,23380639
2018-03-01,39.191,39.191,37.033,37.409,26449397
2018-03-02,37.093,37.231,36.222,37.053,24305237
2018-03-05,36.954,37.518,36.736,37.36,12133221
2018-03-06,37.637,37.696,37.162,37.548,12292237
2018-03-07,37.014,37.459,36.786,37.36,15205140
2018-03-08,37.64,37.93,37.22,37.84,13096731
2018-03-09,37.85,38.08,37.66,37.84,12272186
2018-03-12,37.87,37.99,37.58,37.83,11347249
2018-03-13,37.97,38.5399,37.87,38.01,12406428
2018-03-14,38.48,38.61,37.65,37.69,13364043
2018-03-15,37.97,37.99,37.59,37.85,8140097
2018-03-16,37.92,38.15,37.69,37.94,10305037
2018-03-19,37.93,37.98,36.54,37.01,12103147
2018-03-20,37.13,37.26,36.74,36.89,8494780
2018-03-21,37.16,38.02,37.1,37.58,11568419
2018-03-22,37.23,37.33,36.27,36.35,15155039
2018-03-23,36.42,36.59,35.13,35.17,13234021
2018-03-26,35.94,36.05,35.285,35.99,9320238
2018-03-27,36.02,36.03,34.5,34.87,17673329
2018-03-28,35.01,35.79,34.9,35.47,17905723
2018-03-29,35.83,36.525,35.69,36.34,13049780
2018-04-02,36.1,36.26,35.23,35.76,13909058
2018-04-03,36.8,37.35,36.39,36.94,15833314
2018-04-04,36.01,38.13,35.95,38.03,17014051
2018-04-05,38.25,38.48,37.89,38,11885381
2018-04-06,37.96,38.16,37.2,37.68,14731498
2018-04-09,38.28,38.5,37.81,37.83,13430901
2018-04-10,38.6,39.35,38.39,39.07,15547390
2018-04-11,38.72,39.29,38.49,39,8388853
2018-04-12,39.27,39.49,38.77,38.83,7896394
2018-04-13,39.12,39.38,38.565,38.73,6118634
2018-04-16,38.97,39.419,38.67,39.17,5064868
2018-04-17,39.64,39.65,39.08,39.22,5460704
2018-04-18,39.24,39.67,38.9,38.93,6095373
2018-04-19,38.71,38.91,37.425,37.77,10230013
2018-04-20,37.75,38.01,37.35,37.61,8698518
2018-04-23,37.49,37.96,37.43,37.69,7308626
2018-04-24,37.93,38.17,37.54,37.93,9285765
2018-04-25,37.73,38.2,37.5,38.11,7982704
2018-04-26,37.59,38.28,36.83,38.25,16562383
2018-04-27,38.16,38.21,37.49,37.65,8660356
2018-04-30,37.88,38.07,36.74,36.74,11967311
2018-05-01,36.76,36.96,35.89,36.42,11381238
2018-05-02,36.48,36.7,36.15,36.2,9440678
2018-05-03,35.99,36.17,35.28,36.15,15742629
2018-05-04,36.15,36.78,35.87,36.71,6639004
2018-05-07,36.63,36.77,36.285,36.34,9197419
2018-05-08,36.38,36.61,36.11,36.33,8364406
2018-05-09,36.39,36.74,35.965,36.27,7609467
2018-05-10,36.46,37.22,36.42,37.16,6814738
2018-05-11,37.11,37.25,36.78,36.89,4856741
2018-05-14,37.06,37.07,36.56,36.63,6393345
2018-05-15,36.4,36.96,36.4,36.94,6506941
2018-05-16,36.97,38.04,36.9668,38.03,8193850
2018-05-17,37.97,38.475,37.7527,38.3,9572739
2018-05-18,38.27,38.4,37.72,37.79,5576296
2018-05-21,38.16,38.335,37.98,38.09,6227678
2018-05-22,38.58,38.77,38.255,38.28,6990449
2018-05-23,38.18,38.19,37.46,37.85,8794265
2018-05-24,38,38.59,37.895,38.39,8466101
2018-05-25,38.25,38.4,38.1101,38.3,5247329
