Date,Open,High,Low,Close,Volume
2012-05-03,27.06,27.104,26.315,26.603,13916620
2012-05-04,26.145,26.35,25.526,25.559,12839186
2012-05-07,25.507,25.893,24.788,24.876,14462877
2012-05-08,24.653,25.773,24.368,25.507,17230383
2012-05-09,25.264,27.873,25.194,27.534,16509378
2012-05-10,28.009,28.264,26.712,27.527,10456815
2012-05-11,26.89,27.246,26.611,26.975,5265468
2012-05-14,26.432,26.763,26.074,26.544,7549603
2012-05-15,26.568,27.39,26.324,26.84,7507879
2012-05-16,26.662,27.45,26.484,27.204,7219694
2012-05-17,26.959,27.119,26.441,26.493,5782172
2012-05-18,26.636,26.856,26.262,26.594,9369783
2012-05-21,26.468,27.407,26.229,27.28,6466289
2012-05-22,27.016,27.349,26.551,26.807,6389492
2012-05-23,26.568,26.686,26.171,26.62,6217093
2012-05-24,26.627,26.646,26.06,26.381,5086775
2012-05-25,26.279,26.62,26.129,26.525,3796994
2012-05-29,26.508,26.881,26.153,26.279,4696376
2012-05-30,26.093,26.129,25.569,25.798,7080434
2012-05-31,25.647,25.724,25.186,25.452,9555765
2012-06-01,25.001,25.569,24.899,25.356,6727922
2012-06-04,24.831,25.586,24.788,25.027,5717297
2012-06-05,24.89,25.509,24.838,25.34,4774735
2012-06-06,25.451,27.119,25.272,26.721,9252875
2012-06-07,27.178,27.756,26.898,26.975,9078932
2012-06-08,26.83,27.416,26.705,27.222,5076619
2012-06-11,27.501,28.009,27.315,27.628,7078614
2012-06-12,27.595,28.592,27.534,28.383,8035410
2012-06-13,28.195,28.383,27.577,27.771,3393718
2012-06-14,27.771,28.511,27.382,28.416,5262654
2012-06-15,28.474,29.586,28.289,29.579,11698016
2012-06-18,29.136,29.237,28.671,28.694,5020061
2012-06-19,28.865,29.263,28.583,28.694,5750539
2012-06-20,28.638,29.535,28.375,29.374,5461279
2012-06-21,29.408,29.459,28.017,28.375,4117892
2012-06-22,28.52,29.416,27.994,28.947,5155590
2012-06-25,28.457,28.466,27.763,27.858,5896490
2012-06-26,27.805,28.797,27.46,27.611,3864036
2012-06-27,27.635,28.305,26.627,27.025,3897930
2012-06-28,26.729,27.46,26.516,27.382,3676579
2012-06-29,27.779,28.289,27.67,28.169,5427806
2012-07-02,28.466,29.084,28.28,28.812,4564693
2012-07-03,28.832,29.345,28.672,29.023,4303893
2012-07-05,28.672,29.023,28.424,28.649,3199157
2012-07-06,28.305,28.544,27.897,28.28,2251123
2012-07-09,28.033,28.611,27.67,28.178,2672096
2012-07-10,28.366,28.366,27.539,27.693,3507924
2012-07-11,27.675,28.512,27.419,28.376,3047794
2012-07-12,28.094,28.128,27.581,27.975,4136491
2012-07-13,28.484,29.73,28.401,29.609,5665581
2012-07-16,29.397,30.616,29.287,30.599,5776651
2012-07-17,30.649,31.187,30.394,31.094,4252614
2012-07-18,31.057,31.929,31.007,31.441,3350137
2012-07-19,31.518,31.527,30.241,30.333,4410542
2012-07-20,29.978,30.197,29.746,30.096,3861086
2012-07-23,29.642,30.06,29.397,29.84,3809339
2012-07-24,30.035,30.181,29.491,30.019,2759836
2012-07-25,30.333,30.582,29.713,30.163,4167726
2012-07-26,30.47,30.728,30.325,30.641,3464179
2012-07-27,30.872,31.451,30.59,31.117,7229308
2012-07-30,31.407,32.082,31.382,32.082,3321636
2012-07-31,32.157,32.684,31.961,32.038,8166450
2012-08-01,33.3,34.237,32.191,32.611,7792395
2012-08-02,32.327,33.291,32.244,32.637,5204636
2012-08-03,32.89,33.955,32.89,33.801,5299980
2012-08-06,34.033,34.383,33.889,34.144,3996167
2012-08-07,34.415,34.789,33.735,33.889,5441735
2012-08-08,33.744,34.255,33.623,34.21,4697441
2012-08-09,33.999,34.594,33.981,34.356,3389705
2012-08-10,34.303,34.449,33.871,34.081,2473529
2012-08-13,33.963,34.383,33.889,34.21,2597674
2012-08-14,34.246,34.467,33.911,34.024,2973798
2012-08-15,34.543,34.644,34.024,34.39,4705502
2012-08-16,34.533,35.156,34.398,35.088,4532473
2012-08-17,35.464,36.578,35.336,36.443,6497692
2012-08-20,36.528,37.024,36.425,36.698,4470806
2012-08-21,36.961,36.961,35.353,35.402,5201520
2012-08-22,35.242,35.386,34.44,35.344,5145639
2012-08-23,35.344,35.474,34.979,35.217,2343581
2012-08-24,35.063,35.394,34.723,35.242,3007245
2012-08-27,35.301,36.12,34.908,34.994,4435201
2012-08-28,34.852,36.186,34.852,35.753,4424847
2012-08-29,35.702,36.12,35.489,35.771,3138562
2012-08-30,35.609,36.385,35.464,36.195,2961846
2012-08-31,36.385,36.639,35.019,35.785,6796530
2012-09-04,35.847,36.168,35.344,36.137,3075893
2012-09-05,36.205,36.28,35.301,35.566,3382048
2012-09-06,35.922,37.27,35.922,36.997,4956110
2012-09-07,37.049,37.755,36.944,37.714,4058340
2012-09-10,37.433,38.217,37.433,37.952,5184273
2012-09-11,38.035,39.279,37.883,38.847,7399164
2012-09-12,39.315,40.397,39.23,39.434,6184656
2012-09-13,39.451,39.919,38.658,39.739,6210943
2012-09-14,40.182,41.087,39.204,39.816,7885270
2012-09-17,39.342,40.022,39.197,39.315,5674975
2012-09-18,38.795,39.007,37.867,38.785,7169657
2012-09-19,38.795,39.707,38.778,38.829,4113906
2012-09-20,38.675,39.46,38.489,39.007,3794849
2012-09-21,39.23,40.124,39.23,39.896,6998754
2012-09-24,39.786,39.979,39.417,39.826,2879689
2012-09-25,40.047,40.304,39.16,39.178,3417671
2012-09-26,38.93,39.477,38.539,38.795,4255412
2012-09-27,39.025,39.834,38.922,39.649,3732214
2012-09-28,39.563,39.649,39.213,39.511,3819666
2012-10-01,39.707,40.064,39.417,39.671,3268996
2012-10-02,39.777,40.015,39.424,39.553,3417343
2012-10-03,39.424,39.544,38.344,38.481,6328833
2012-10-04,38.847,38.906,38.41,38.675,7271777
2012-10-05,39.085,40.627,38.991,39.213,8987785
2012-10-08,39.16,39.681,38.82,39.135,4007295
2012-10-09,39.333,39.834,39.238,39.272,4304540
2012-10-10,39.204,39.477,38.079,38.473,6530623
2012-10-11,38.882,39.115,38.187,38.215,5369294
2012-10-12,37.984,38.232,36.373,37.63,7742895
2012-10-15,37.572,38.067,37.195,38.027,3176989
2012-10-16,38.362,40.091,38.215,39.833,6702613
2012-10-17,39.885,40.458,39.679,39.969,3316818
2012-10-18,39.945,39.954,38.891,39.036,3970825
2012-10-19,39.011,39.491,38.17,38.25,3504163
2012-10-22,38.326,39.182,38.326,39.053,3993447
2012-10-23,38.481,38.625,37.639,38.489,4760661
2012-10-24,38.557,39.115,38.265,38.367,4060012
2012-10-25,38.676,38.942,38.17,38.583,3389158
2012-10-26,39.044,40.801,38.402,40.699,7147210
2012-10-31,40.972,41.469,39.961,40.408,5591837
2012-11-01,40.269,40.829,39.747,40.597,5009272
2012-11-02,41.136,41.255,39.474,39.594,3298178
2012-11-05,39.61,41.042,39.61,40.921,3529726
2012-11-06,41.127,43.697,41.007,42.876,9595398
2012-11-07,42.18,42.91,41.771,42.378,7830201
2012-11-08,42.276,42.824,41.931,41.986,4317170
2012-11-09,41.222,41.607,40.416,40.621,6330587
2012-11-12,40.638,41.222,40.51,40.57,3150256
2012-11-13,40.269,40.921,39.895,40.152,3651908
2012-11-14,40.416,40.664,39.164,39.209,4134600
2012-11-15,39.011,39.575,38.506,38.848,4440938
2012-11-16,38.952,39.347,38.514,39.218,5359127
2012-11-19,39.757,41.341,39.737,41.229,5065689
2012-11-20,41.291,42.043,41.015,42.035,4076667
2012-11-21,42.49,42.541,41.847,42.318,4441600
2012-11-23,42.481,42.839,42.336,42.687,1982553
2012-11-26,42.455,42.824,42.043,42.465,3435241
2012-11-27,42.43,43.203,41.995,42.893,5414055
2012-11-28,42.549,43.93,42.198,43.697,6307988
2012-11-29,43.87,44.263,43.55,44.178,4611348
2012-11-30,44.28,45.009,44.085,44.871,6214903
2012-12-03,45.111,45.204,43.714,44.178,6617436
2012-12-04,44.108,44.759,44.108,44.178,4349319
2012-12-05,44.085,44.512,43.072,43.43,3889209
2012-12-06,43.43,43.878,43.098,43.671,3974905
2012-12-07,43.861,45.195,43.75,44.845,5666113
2012-12-10,44.734,46.543,44.724,45.91,9034835
2012-12-11,46.029,46.198,45.179,45.445,6075721
2012-12-12,45.694,45.841,45.36,45.453,9838113
2012-12-13,45.068,45.068,43.903,44.734,8329101
2012-12-14,44.556,45.874,44.383,45.814,5976436
2012-12-17,45.744,46.149,45.566,45.857,5010335
2012-12-18,45.789,46.011,45.411,45.556,4578259
2012-12-19,45.651,45.738,44.418,44.982,7481039
2012-12-20,45.052,45.173,44.298,44.915,5125623
2012-12-21,44.308,44.879,43.979,44.693,5898344
2012-12-24,44.742,44.897,44.469,44.53,1138056
2012-12-26,44.693,45.085,43.971,44.006,2710826
2012-12-27,44.124,44.308,43.185,44.178,3367529
2012-12-28,43.75,44.124,43.286,43.329,3500229
2012-12-31,43.185,45.6,43.185,45.497,4942458
2013-01-02,46.481,47.39,45.608,47.349,6105046
2013-01-03,47.151,47.271,45.3,45.575,6176635
2013-01-04,45.516,45.995,44.803,45.531,4856370
2013-01-07,44.871,44.966,43.503,44.006,8034491
2013-01-08,43.87,44.365,43.767,44.205,4174640
2013-01-09,44.435,44.685,43.714,43.971,5170559
2013-01-10,44.383,44.418,43.886,44.134,3972075
2013-01-11,43.938,44.298,43.15,43.338,5387133
2013-01-14,43.416,44.059,42.945,43.997,5836524
2013-01-15,43.997,44.837,43.87,44.759,5251501
2013-01-16,44.668,46.74,44.614,46.712,9366701
2013-01-17,47.107,47.835,46.432,47.252,6975538
2013-01-18,47.304,47.759,46.764,47.185,7001961
2013-01-22,47.332,47.332,46.198,46.791,5207573
2013-01-23,46.886,48.147,46.442,47.569,5012145
2013-01-24,47.554,48.799,47.443,48.083,5488835
2013-01-25,48.411,48.743,48.075,48.677,4216323
2013-01-28,48.928,49.422,48.411,48.918,4733519
2013-01-29,49.697,51.795,49.661,51.306,9861506
2013-01-30,53.447,53.902,51.967,52.061,9246119
2013-01-31,51.727,52.311,51.331,51.899,6362694
2013-02-01,53.122,54.195,52.456,53.766,5496712
2013-02-04,53.235,53.338,52.403,52.456,4431014
2013-02-05,52.884,53.107,52.248,52.275,5344169
2013-02-06,52.086,53.551,52.018,52.884,5915699
2013-02-07,53.02,54.272,52.265,54.202,5127034
2013-02-08,54.33,55.899,54.167,54.855,5539415
2013-02-11,54.837,55.401,54.597,54.991,3616129
2013-02-12,55.324,55.504,54.649,55.206,4321011
2013-02-13,55.534,55.534,54.976,55.199,3225441
2013-02-14,54.905,55.897,54.887,55.818,4134718
2013-02-15,55.577,56.294,54.698,55.251,4400053
2013-02-19,55.391,56.144,54.977,56.031,3574151
2013-02-20,56.024,56.197,54.108,54.197,5602310
2013-02-21,53.92,54.438,52.967,53.895,5817135
2013-02-22,54.36,55.477,54.085,55.468,3524326
2013-02-25,55.797,56.015,53.044,53.071,4963933
2013-02-26,53.193,53.376,51.853,52.977,5024022
2013-02-27,53.038,54.611,52.78,54.5,2983579
2013-02-28,54.389,55.599,53.645,54.472,4885282
2013-03-01,54.257,55.314,53.808,55.286,3640950
2013-03-04,55.201,56.878,54.977,56.827,4344520
2013-03-05,57.137,57.145,55.823,56.903,4531017
2013-03-06,57.104,57.951,56.585,57.145,3386882
2013-03-07,57.008,57.207,56.059,56.992,3964022
2013-03-08,57.172,57.346,56.757,57.13,4675422
2013-03-11,57.016,57.172,55.322,56.836,5740540
2013-03-12,56.81,57.45,56.421,57.294,4778842
2013-03-13,57,57.137,55.545,55.85,5530809
2013-03-14,56.202,56.628,55.622,56.197,4434743
2013-03-15,55.797,56.446,55.468,55.502,6915544
2013-03-18,54.785,56.489,54.519,56.265,4212569
2013-03-19,56.135,57.408,55.944,56.593,4766877
2013-03-20,57.104,59.214,57.061,58.435,5880972
2013-03-21,57.967,58.695,57.198,57.814,3923726
2013-03-22,57.943,58.652,57.83,58.444,3064632
2013-03-25,58.704,59.441,57.666,57.847,4513752
2013-03-26,57.951,58.324,57.423,58.177,3748846
2013-03-27,58.08,59.086,57.502,59.068,4532405
2013-03-28,59.162,61.013,58.8,60.539,7194627
2013-04-01,60.565,60.728,59.465,60.011,3485280
2013-04-02,60.41,60.738,57.717,57.83,6565193
2013-04-03,57.83,57.865,53.184,54.04,16215209
2013-04-04,54.137,55.329,53.59,53.98,7095494
2013-04-05,53.004,54.481,52.085,53.911,6113891
2013-04-08,53.895,55.201,53.556,55.043,4587685
2013-04-09,55.329,56.438,54.389,55.944,4960544
2013-04-10,56.059,56.421,54.551,55.253,6942019
2013-04-11,55.208,55.253,53.48,53.653,7172259
2013-04-12,53.098,53.417,51.108,52.491,9602158
2013-04-15,51.203,51.906,49.387,49.768,9128402
2013-04-16,50.311,51.324,49.983,51.289,6523618
2013-04-17,50.615,50.866,49.455,50.172,5319065
2013-04-18,50.114,50.65,48.563,49.516,4935406
2013-04-19,50.303,50.303,48.848,50.043,5831456
2013-04-22,50.311,52.206,50.243,51.42,4229552
2013-04-23,51.496,53.141,51.359,52.908,6148360
2013-04-24,53.193,54.551,53.044,53.489,5515553
2013-04-25,53.832,54.585,53.45,53.556,5067073
2013-04-26,53.539,53.71,52.899,53.297,3507428
2013-04-29,53.617,53.902,53.193,53.47,3982962
2013-04-30,53.58,53.817,51.929,52.733,6308539
2013-05-01,52.873,53.59,51.524,51.626,6564139
2013-05-02,51.974,52.5,51.186,52.174,4868648
2013-05-03,52.589,54.215,52.337,53.799,5257760
2013-05-06,54.067,55.58,53.92,55.262,4256851
2013-05-07,55.58,56.532,55.391,55.788,5406188
2013-05-08,55.574,55.779,54.38,54.865,4235247
2013-05-09,54.707,54.743,53.539,53.757,3972291
2013-05-10,53.41,53.817,52.78,53.107,5849266
2013-05-13,52.892,53.886,52.249,53.617,4426047
2013-05-14,53.695,55.529,53.645,55.444,7182069
2013-05-15,55.14,56.653,55.14,56.197,6497431
2013-05-16,56.259,56.867,55.38,55.502,4594643
2013-05-17,55.814,57.31,55.797,56.908,6354418
2013-05-20,56.788,58.118,56.788,57.345,5212345
2013-05-21,57.468,57.998,56.417,56.874,5182336
2013-05-22,56.771,57.919,56.336,56.85,5156343
2013-05-23,56.024,56.998,55.554,56.727,2738023
2013-05-24,56.311,56.948,55.467,56.918,2896642
2013-05-28,57.718,58.23,57.31,57.831,3211636
2013-05-29,57.561,58.543,57.076,58.11,3606135
2013-05-30,57.684,58.344,57.102,58.05,3331524
2013-05-31,57.938,59.02,57.625,57.879,4033908
2013-06-03,58.284,58.328,55.885,57.449,4628071
2013-06-04,57.205,57.536,55.902,56.666,3324598
2013-06-05,56.458,56.816,55.232,55.303,3525255
2013-06-06,55.363,56.641,55.075,56.511,3033444
2013-06-07,56.894,57.553,56.666,57.267,3191468
2013-06-10,57.319,57.718,56.52,56.605,2728831
2013-06-11,55.683,56.275,55.38,55.608,3683413
2013-06-12,56.407,56.694,54.928,55.04,4563611
2013-06-13,54.851,56.353,54.223,56.083,3837439
2013-06-14,56.259,56.483,55.442,55.475,2110463
2013-06-17,55.814,56.24,55.622,55.867,3843910
2013-06-18,56.06,56.511,55.858,55.979,2687886
2013-06-19,55.875,56.397,55.213,55.319,3843451
2013-06-20,54.407,54.503,52.214,52.502,5851619
2013-06-21,53.049,53.234,50.475,51.51,7312481
2013-06-24,50.822,51.093,49.416,49.718,5680350
2013-06-25,50.677,51.911,50.677,51.651,3974724
2013-06-26,52.249,52.998,51.781,51.92,3117230
2013-06-27,52.443,52.518,50.814,51.485,4469258
2013-06-28,51.416,51.945,51.093,51.215,4111160
2013-07-01,51.503,52.37,51.008,51.207,4010677
2013-07-02,51.164,51.476,49.216,49.624,5749360
2013-07-03,49.338,50.171,47.643,50.146,7121026
2013-07-05,50.286,50.328,48.175,49.764,4202019
2013-07-08,50.171,51.442,50.113,51.076,3531033
2013-07-09,51.312,51.615,50.782,50.869,3762710
2013-07-10,50.782,50.973,48.634,48.764,6756917
2013-07-11,49.598,50.337,48.703,50.217,6159859
2013-07-12,49.469,51.851,49.469,51.372,7031604
2013-07-15,51.685,52.035,51.102,51.494,4836318
2013-07-16,51.476,51.66,49.686,50.113,7235701
2013-07-17,50.27,50.791,49.642,50.458,4057401
2013-07-18,50.588,50.669,49.304,49.485,4979558
2013-07-19,49.935,50.277,49.31,49.983,4556038
2013-07-22,50.32,50.814,49.71,50.392,4708442
2013-07-23,50.831,51.911,50.729,51.72,4530617
2013-07-24,51.858,51.858,50.164,51.155,4649461
2013-07-25,51.018,51.905,50.633,51.66,5234692
2013-07-26,51.51,52.025,51.042,51.295,2994752
2013-07-29,51.398,51.547,50.914,51.259,3156581
2013-07-30,51.337,51.51,50.346,50.831,4689415
2013-07-31,49.669,53.877,49.669,53.467,9416834
2013-08-01,53.79,53.825,52.443,52.615,4508315
2013-08-02,52.277,52.277,50.485,50.782,6418630
2013-08-05,50.669,50.686,49.815,50.252,4745938
2013-08-06,50.113,51.425,50.113,50.693,5594001
2013-08-07,50.633,51.025,50.041,50.392,4401401
2013-08-08,50.442,51.608,50.337,51.295,3743768
2013-08-09,51.295,51.564,50.921,51.224,3656023
2013-08-12,50.807,51.277,50.18,50.572,3790172
2013-08-13,50.764,51.459,50.425,51.372,3658655
2013-08-14,51.566,51.725,51.025,51.383,2698416
2013-08-15,50.927,51.067,49.854,49.949,3999863
2013-08-16,49.721,49.811,49.006,49.206,3980108
2013-08-19,49.189,49.688,48.29,48.368,3652813
2013-08-20,48.272,50.413,47.982,49.827,4429201
2013-08-21,49.583,51.123,49.206,50.65,4330004
2013-08-22,50.676,51.454,50.274,50.79,3443131
2013-08-23,51.084,51.777,50.64,50.79,3379144
2013-08-26,50.84,51.645,50.587,50.806,3256334
2013-08-27,50.439,50.691,49.897,49.906,3416255
2013-08-28,49.995,50.953,49.995,50.719,2540302
2013-08-29,50.58,51.103,50.151,50.447,2424704
2013-08-30,50.65,51.131,49.774,49.906,3044893
2013-09-03,50.482,51.076,50.109,50.79,3484755
2013-09-04,50.623,51.847,50.324,51.593,4668410
2013-09-05,51.287,51.655,50.511,50.519,4404695
2013-09-06,50.614,50.79,49.731,50.185,3204124
2013-09-09,49.88,50.623,49.837,50.23,3549839
2013-09-10,50.118,50.203,49.54,49.635,3977632
2013-09-11,49.671,49.847,48.996,49.757,2972574
2013-09-12,49.811,50.118,49.235,49.338,3046596
2013-09-13,49.505,50.456,49.441,49.931,2769787
2013-09-16,50.362,50.431,49.564,49.671,2888254
2013-09-17,49.564,49.644,48.78,48.986,4446342
2013-09-18,48.986,50.257,48.961,50.036,4431614
2013-09-19,50.99,51.75,50.604,50.822,5342003
2013-09-20,50.878,51.829,50.423,50.632,5660651
2013-09-23,50.456,50.456,49.731,50.176,3509868
2013-09-24,50.029,51.173,49.847,50.492,3927437
2013-09-25,50.534,51.173,50.282,50.737,3494022
2013-09-26,50.699,51.566,50.699,51.113,3105155
2013-09-27,50.781,51.454,50.781,51.156,3464307
2013-09-30,50.699,50.772,49.713,50.534,5043758
2013-10-01,50.388,50.886,49.985,50.604,2976170
2013-10-02,50.334,51.838,50.109,51.725,4748657
2013-10-03,51.444,52.293,51.217,52.057,4856250
2013-10-04,51.566,51.872,51.035,51.716,4062535
2013-10-07,51.357,51.479,50.604,50.604,3827542
2013-10-08,50.623,50.772,49.382,49.721,4818453
2013-10-09,49.662,50.061,49.391,49.731,3966160
2013-10-10,50.403,51.383,50.362,51.19,5030661
2013-10-11,51.173,53.148,51.103,52.378,6499613
2013-10-14,52.066,53.069,51.786,52.86,3308791
2013-10-15,52.783,53.183,51.863,52.003,4121934
2013-10-16,52.538,53.096,52.321,53.079,3424830
2013-10-17,52.939,54.531,52.878,54.383,3894263
2013-10-18,54.636,55.5,54.407,55.483,4363663
2013-10-21,55.735,56.101,55.491,55.858,3416496
2013-10-22,56.232,57.019,56.077,56.706,4880570
2013-10-23,56.26,57.16,56.223,56.514,4822630
2013-10-24,56.41,56.461,54.8,55.265,4862580
2013-10-25,55.342,55.692,54.845,55.412,2524955
2013-10-28,55.735,56.307,55.186,55.309,3514380
2013-10-29,55.403,56.215,55.265,56.061,3677905
2013-10-30,56.025,57.371,55.107,57.011,5363675
2013-10-31,56.793,57.273,56.297,56.312,4332129
2013-11-01,56.347,56.662,55.317,56.051,3142990
2013-11-04,56.183,56.41,55.403,56.321,3121912
2013-11-05,56.156,56.645,55.606,56.174,3643063
2013-11-06,56.593,57.299,56.069,56.251,3414955
2013-11-07,56.183,56.689,55.606,55.797,3528816
2013-11-08,55.867,57.15,55.64,57.127,3721620
2013-11-11,57.178,57.317,56.627,57.241,2789823
2013-11-12,57.09,58.231,57.002,57.514,3673694
2013-11-13,57.397,58.08,56.738,58.074,3897700
2013-11-14,58.24,60.105,58.231,59.4,4649957
2013-11-15,59.173,59.456,58.489,58.998,4670270
2013-11-18,59.456,59.835,58.953,59.096,3097265
2013-11-19,59.032,60.264,58.839,59.587,3691919
2013-11-20,59.981,60.132,58.734,58.937,3324978
2013-11-21,58.962,59.472,57.889,59.35,3336257
2013-11-22,59.657,60.493,59.385,60.211,3534833
2013-11-25,60.211,60.976,59.902,60.35,3193931
2013-11-26,60.485,60.871,59.902,60.449,3519313
2013-11-27,60.316,62.427,60.142,61.655,5147982
2013-11-29,61.574,62.179,61.027,61.206,1919990
2013-12-02,61.547,63.086,61.257,62.744,4436592
2013-12-03,62.479,62.663,61.143,62.075,4889854
2013-12-04,61.282,61.969,60.08,61.187,6115581
2013-12-05,61.389,61.988,60.819,61.31,4525190
2013-12-06,61.837,63.743,61.547,62.637,5884764
2013-12-09,63.571,64.336,63.042,63.157,4887428
2013-12-10,62.646,63.693,61.143,62.964,4815091
2013-12-11,62.99,63.033,61.805,62.294,4424616
2013-12-12,62.252,63.033,61.936,62.62,3153841
2013-12-13,62.646,63.325,62.048,62.954,3083835
2013-12-16,63.025,64.414,62.893,63.842,3123427
2013-12-17,63.842,64.422,63.524,63.834,2775237
2013-12-18,63.799,65.169,63.49,65.046,4504915
2013-12-19,64.669,65.409,63.922,64.114,3988703
2013-12-20,64.36,65.531,64.23,65.092,5580551
2013-12-23,65.504,66.288,65.311,65.425,2914807
2013-12-24,65.714,65.92,65.32,65.714,1211236
2013-12-26,65.943,66.2,65.663,66.051,1349991
2013-12-27,66.067,66.101,65.23,65.723,1920725
2013-12-30,65.952,66.472,65.67,65.696,2561586
2013-12-31,66.182,67.959,66.101,67.818,3405133
2014-01-02,67.853,67.984,67.14,67.219,3254635
2014-01-03,67.14,67.694,66.958,67.08,2227082
2014-01-06,67.271,68.134,67.173,67.713,3206800
2014-01-07,67.761,68.432,67.414,67.722,4563748
2014-01-08,67.921,68.062,66.958,67.588,5117971
2014-01-09,67.713,68.801,67.596,68.696,4773778
2014-01-10,68.926,69.46,67.913,68.584,3435791
2014-01-13,68.758,68.758,66.374,66.656,3481690
2014-01-14,66.958,67.447,66.647,67.255,3820464
2014-01-15,67.264,67.281,65.723,66.418,4214650
2014-01-16,66.216,66.586,65.656,66.288,3675749
2014-01-17,65.827,67.367,65.811,66.841,4437438
2014-01-21,66.849,68.054,66.849,67.614,3175421
2014-01-22,67.966,68.23,66.9,67.791,3132358
2014-01-23,68.159,68.667,66.858,67.877,4669518
2014-01-24,66.997,67.132,64.713,65.452,5393394
2014-01-27,65.564,66.559,64.871,65.854,3876751
2014-01-28,64.995,66.347,64.995,66.013,3175508
2014-01-29,65.092,67.614,62.26,65.223,6758084
2014-01-30,65.452,65.92,64.509,64.678,5226509
2014-01-31,64.272,65.573,63.967,64.263,6596429
2014-02-03,64.289,64.696,62.55,62.744,6403440
2014-02-04,62.875,63.086,60.476,62.55,5285704
2014-02-05,62.207,62.911,60.763,62.136,6914210
2014-02-06,62.692,64.729,62.331,64.45,6129065
2014-02-07,64.801,65.443,64.105,65.311,3803580
2014-02-10,65.371,65.67,63.334,63.544,4263885
2014-02-11,63.571,65.293,63.515,65.144,4221710
2014-02-12,65.215,65.593,64.5,64.748,3463537
2014-02-13,64.306,66.224,64.202,65.985,3659164
2014-02-14,65.825,67.161,65.642,67.117,2739853
2014-02-18,67.363,68.054,66.533,66.63,3189078
2014-02-19,66.489,68.019,66.313,66.533,4186231
2014-02-20,66.313,66.967,66.074,66.55,3580607
2014-02-21,66.364,66.903,66.125,66.25,3637712
2014-02-24,66.304,68.743,66.304,67.4,4125364
2014-02-25,67.382,69.221,67.093,68.53,4760753
2014-02-26,68.454,68.885,67.577,67.852,3834100
2014-02-27,67.603,67.884,65.702,66.065,6375992
2014-02-28,66.125,69.733,65.747,66.172,4761686
2014-03-03,65.985,66.976,65.737,66.172,3023076
2014-03-04,66.779,67.354,66.209,67.25,2699700
2014-03-05,67.001,68,66.693,67.894,3189150
2014-03-06,68.045,69.647,68.019,69.073,4191317
2014-03-07,69.388,69.638,68.371,69.017,2538057
2014-03-10,68.948,70.007,68.787,69.53,2687994
2014-03-11,69.505,70.166,68.957,69.903,3470929
2014-03-12,69.911,70.971,69.884,70.715,3896708
2014-03-13,70.775,71.06,68.709,69.073,3890743
2014-03-14,68.971,70.193,68.948,69.556,3122434
2014-03-17,69.705,70.466,69.6,70.14,2993944
2014-03-18,70.112,71.033,69.751,71.023,3396220
2014-03-19,70.927,70.936,68.875,69.326,3274864
2014-03-20,69.007,69.796,68.53,69.388,3516312
2014-03-21,68.963,70.823,68.787,68.903,5236379
2014-03-24,69.273,69.564,68.081,68.434,3724212
2014-03-25,68.273,69.6,68.273,69.122,3446675
2014-03-26,69.362,69.654,67.992,68.248,3013585
2014-03-27,68.321,68.653,67.825,67.939,3881095
2014-03-28,68.062,68.416,67.627,67.751,3409858
2014-03-31,68.346,68.557,67.949,68.115,3474852
2014-04-01,68.258,70.397,68,70.343,4560520
2014-04-02,69.98,70.273,68.849,70.044,3487836
2014-04-03,70.423,71.518,70.423,71.244,3765665
2014-04-04,71.609,71.979,69.963,70.334,3763258
2014-04-07,69.92,70.671,68.841,68.903,3647763
2014-04-08,68.998,69.539,68.072,68.557,3781194
2014-04-09,68.971,69.573,68.265,69.237,2853547
2014-04-10,69.187,70.166,67.769,67.789,4384331
2014-04-11,67.735,68.998,67.337,67.843,6279153
2014-04-14,68.16,68.971,67.744,68.957,3024987
2014-04-15,68.734,69.573,67.834,69.548,4134450
2014-04-16,70.2,71.731,69.505,71.696,4300197
2014-04-17,71.307,71.906,70.715,70.961,5110301
2014-04-21,71.033,72.613,70.883,72.322,3333085
2014-04-22,71.888,72.9,71.36,72.464,3379452
2014-04-23,72.351,73.323,72.039,72.747,2357561
2014-04-24,73.015,73.411,72.269,72.986,2932556
2014-04-25,72.949,73.455,72.509,73.005,2879700
2014-04-28,73.269,74.603,72.367,74.293,4371241
2014-04-29,74.718,75.001,73.666,74.03,3091358
2014-04-30,74.172,74.691,73.464,73.562,3235784
2014-05-01,73.605,74.842,73.446,74.293,2944015
2014-05-02,74.242,74.736,73.747,73.834,2370896
2014-05-05,73.489,74.242,73.056,74.188,2377262
2014-05-06,74.366,75.505,73.948,74.48,3019434
2014-05-07,74.842,75.355,73.782,75.159,2923493
2014-05-08,74.435,74.914,72.915,73.298,3459027
2014-05-09,73.119,73.534,71.439,72.402,4171931
2014-05-12,73.049,74.322,72.977,73.843,3598820
2014-05-13,74.056,74.905,73.782,74.48,2903723
2014-05-14,74.303,74.851,73.33,73.861,3556398
2014-05-15,73.816,73.816,72.285,72.928,13032976
2014-05-16,72.786,73.247,72.236,72.794,2842508
2014-05-19,72.911,73.897,72.794,73.568,3269904
2014-05-20,73.319,74.022,72.794,72.893,2605127
2014-05-21,73.133,73.471,71.942,72.554,7111303
2014-05-22,72.644,73.684,72.554,73.256,2736500
2014-05-23,73.229,73.551,72.945,72.945,2857020
2014-05-27,73.152,73.285,72.438,73.077,3378423
2014-05-28,72.961,74.21,72.953,73.799,3932802
2014-05-29,74.022,75.061,73.646,74.984,2756921
2014-05-30,75.017,75.693,74.848,75.4,4656598
2014-06-02,75.577,75.986,75.061,75.8,2833843
2014-06-03,75.489,75.747,75.034,75.176,2626565
2014-06-04,74.751,75.285,74.296,74.429,2756844
2014-06-05,74.759,75.266,74.181,74.269,4201929
2014-06-06,74.653,75.232,74.296,75.017,2803237
2014-06-09,74.857,75.148,74.11,74.458,2595851
2014-06-10,74.342,74.608,73.311,73.655,2693164
2014-06-11,73.238,73.949,73.085,73.71,2648674
2014-06-12,74.136,74.439,73.304,73.63,3241847
2014-06-13,73.63,74.315,73.275,74.243,4869316
2014-06-16,74.269,74.384,73.756,74.2,2563658
2014-06-17,73.816,74.786,73.363,74.759,3335227
2014-06-18,74.591,75.184,73.746,75.142,2942903
2014-06-19,75.328,76.066,75.249,75.818,3322248
2014-06-20,76.112,76.724,75.808,76.422,8188823
2014-06-23,76.698,77.205,76.404,76.77,2605258
2014-06-24,76.495,77.411,75.293,75.534,3150206
2014-06-25,71.869,73.503,70.394,72.351,11408121
2014-06-26,72.846,73.327,72.111,73.009,5971996
2014-06-27,72.634,72.98,72.047,72.465,6173906
2014-06-30,72.084,72.198,71.185,71.521,3830102
2014-07-01,71.672,71.877,71.087,71.672,3522082
2014-07-02,71.709,72.484,71.672,72.027,2747479
2014-07-03,72.207,72.874,72.027,72.474,1925588
2014-07-07,72.322,72.42,71.087,71.584,2503736
2014-07-08,71.416,71.613,70.279,70.499,3385518
2014-07-09,70.839,71.309,69.833,70.971,3686736
2014-07-10,70.001,71.22,69.974,70.9,3061691
2014-07-11,70.74,71.627,70.704,71.397,2513620
2014-07-14,71.923,71.942,70.813,71.094,9434727
2014-07-15,70.908,72.474,70.623,72.135,9731282
2014-07-16,72.217,72.803,71.505,71.885,3254511
2014-07-17,71.496,72.01,70.608,70.731,2665348
2014-07-18,71.061,72.065,70.65,71.903,3516708
2014-07-21,71.496,71.852,71.141,71.282,2364660
2014-07-22,71.799,72.162,71.355,71.584,3074347
2014-07-23,71.627,72.678,71.54,72.268,2382229
2014-07-24,72.678,73.655,72.295,73.009,3955507
2014-07-25,73.045,73.692,72.768,73.495,2321105
2014-07-28,73.808,73.808,72.615,73.461,2653347
2014-07-29,73.737,74.031,73.335,73.335,3568541
2014-07-30,73.085,74.173,72.305,72.669,2996604
2014-07-31,72.152,73.37,71.637,72.127,3508529
2014-08-01,71.637,72.037,70.472,71.62,5046962
2014-08-04,71.861,72.953,71.355,72.812,3299888
2014-08-05,72.42,72.606,71.657,72.037,3076160
2014-08-06,71.808,73.718,71.808,73.171,3070167
2014-08-07,73.363,73.834,72.18,72.492,2847434
2014-08-08,72.919,73.958,72.305,73.852,2575671
2014-08-11,74.259,74.563,73.184,73.265,2579349
2014-08-12,73.435,73.746,73.045,73.418,2376515
2014-08-13,73.864,74.15,73.334,74.061,2695029
2014-08-14,74.214,75.07,73.855,74.874,3185406
2014-08-15,75.018,75.483,74.704,74.965,5324362
2014-08-18,75.394,77.013,75.394,76.593,3748671
2014-08-19,76.593,77.299,76.352,77.022,2992009
2014-08-20,76.933,77.649,76.629,77.478,2378822
2014-08-21,77.567,77.584,76.951,77.157,1975683
2014-08-22,76.986,77.192,76.469,77.022,1826252
2014-08-25,77.282,77.926,77.05,77.748,2127619
2014-08-26,77.719,77.926,77.174,77.542,2089346
2014-08-27,77.567,77.836,76.967,77.335,2047762
2014-08-28,76.967,77.764,76.782,77.487,1328131
2014-08-29,77.459,77.971,77.344,77.856,2403503
2014-09-02,77.757,78.015,76.96,77.791,2655704
2014-09-03,78.015,78.714,77.658,78.05,3220235
2014-09-04,78.033,78.615,77.424,77.728,3724254
2014-09-05,77.782,78.427,76.996,78.293,2505257
2014-09-08,78.238,78.373,77.856,77.889,2302779
2014-09-09,77.836,78.32,76.897,77.362,2786110
2014-09-10,77.057,77.309,75.062,76.172,5139410
2014-09-11,75.672,76.145,74.768,75.16,3712135
2014-09-12,75.044,75.368,73.855,74.275,3730182
2014-09-15,74.293,75.17,73.98,75.062,2705199
2014-09-16,74.955,77.55,74.704,76.746,5834884
2014-09-17,76.888,77.282,76.307,76.663,4622040
2014-09-18,76.68,77.289,76.377,76.843,3909149
2014-09-19,76.977,77.282,76.565,76.718,4039729
2014-09-22,76.496,76.511,74.874,75.009,2879735
2014-09-23,75.018,75.912,74.382,74.491,2424008
2014-09-24,74.214,74.561,73.016,73.98,2805811
2014-09-25,74.106,74.106,73.131,73.131,2715249
2014-09-26,73.006,73.828,73.006,73.569,3660029
2014-09-29,72.8,73.631,72.539,73.159,2320876
2014-09-30,72.916,73.255,72.182,72.744,5815926
2014-10-01,72.744,73.363,71.18,71.241,4685882
2014-10-02,70.841,71.028,67.942,69.568,10002299
2014-10-03,69.99,70.035,68.926,69.461,5416758
2014-10-06,69.517,69.892,68.621,69.202,2883818
2014-10-07,69.418,70.499,69.024,69.202,4084436
2014-10-08,69.633,70.866,68.461,70.823,4900641
2014-10-09,70.651,71.011,68.496,68.54,3990763
2014-10-10,68.664,69.543,66.93,68.28,5255598
2014-10-13,67.978,69.014,65.177,65.354,5785380
2014-10-14,65.778,66.348,62.726,63.155,10472285
2014-10-15,62.278,63.395,59.262,60.74,12750722
2014-10-16,60.354,63.093,59.155,62.366,9981796
2014-10-17,63.243,65.446,62.796,64.603,9186076
2014-10-20,64.203,65.222,64.111,64.728,3907046
2014-10-21,66.518,68.96,65.247,68.72,7539310
2014-10-22,68.664,69.382,67.415,67.448,5797405
2014-10-23,68.37,68.955,67.961,68.102,3602511
2014-10-24,68.129,68.503,66.967,68.433,3269154
2014-10-27,67.682,68.093,66.68,67.531,4801214
2014-10-28,67.861,69.535,67.253,69.364,8472638
2014-10-29,70.393,70.651,67.646,68.345,4828418
2014-10-30,68.309,69.4,67.664,69.246,4188158
2014-10-31,69.517,70.465,68.578,70.233,4301922
2014-11-03,70.196,70.545,68.335,68.605,6173993
2014-11-04,68.012,68.387,65.74,66.644,6720953
2014-11-05,67.01,68.327,65.921,66.868,6068742
2014-11-06,67.2,67.674,66.492,67.476,4531602
2014-11-07,67.368,67.626,66.447,66.834,6107246
2014-11-10,67.1,67.636,66.545,66.653,3724555
2014-11-11,67.001,67.233,65.518,65.884,4444081
2014-11-12,65.729,66.847,65.622,65.794,4096590
2014-11-13,65.425,65.505,63.252,63.803,6015224
2014-11-14,63.902,64.713,63.776,64.659,8480275
2014-11-17,64.668,65.865,64.668,65.56,4804251
2014-11-18,65.893,67.144,65.596,66.623,5251105
2014-11-19,66.783,68.531,66.469,68.253,5241116
2014-11-20,68.027,70.252,68.009,70.108,5317422
2014-11-21,71.171,72.353,70.46,71.54,5917991
2014-11-24,71.279,71.974,71.216,71.54,3304513
2014-11-25,71.847,72.217,71.18,71.649,3839638
2014-11-26,71.674,71.747,70.892,71.414,4866801
2014-11-28,70.628,70.802,65.541,65.777,5885811
2014-12-01,65.758,66.414,64.018,64.729,8352658
2014-12-02,64.631,66.919,64.631,66.443,5735791
2014-12-03,66.487,67.794,66.469,67.407,3630792
2014-12-04,66.958,67.774,66.316,67.533,4345747
2014-12-05,67.397,67.731,65.685,65.777,4720474
2014-12-08,65.065,65.425,61.893,62.091,7447711
2014-12-09,62.064,62.272,60.857,61.983,5848201
2014-12-10,60.92,61.568,59.832,60.453,6205374
2014-12-11,60.453,61.362,60.01,60.191,5266169
2014-12-12,59.721,60.462,58.831,59.163,4915117
2014-12-15,60.038,60.731,58.433,58.634,10164505
2014-12-16,58.19,61.82,57.669,60.387,6892196
2014-12-17,60.156,62.288,60.01,61.578,5029083
2014-12-18,62.966,63.327,60.2,62.18,5837693
2014-12-19,62.694,64.757,62.226,64.686,7412351
2014-12-22,64.009,64.543,63.327,64.162,3930022
2014-12-23,64.396,65.515,64.227,65.36,4127003
2014-12-24,64.948,65.388,64.235,64.948,2320299
2014-12-26,65.162,66.063,64.948,65.443,2045855
2014-12-29,65.767,66.091,64.948,65.596,3308223
2014-12-30,65.577,66.308,65.025,65.685,3490284
2014-12-31,65.485,65.785,64.551,64.587,2948142
2015-01-02,64.505,65.262,63.91,65.118,2825579
2015-01-05,64.171,64.487,60.48,61.182,6533862
2015-01-06,60.949,61.937,59.47,59.47,6433917
2015-01-07,60.181,61.153,59.362,59.731,6170419
2015-01-08,60.443,62.064,59.992,62.054,6030854
2015-01-09,61.533,61.704,60.083,60.63,4926830
2015-01-12,59.883,59.92,57.497,57.867,5808578
2015-01-13,57.93,58.362,55.28,55.398,9864883
2015-01-14,54.624,54.93,51.642,53.526,12889999
2015-01-15,54.264,54.498,52.859,53.228,6140320
2015-01-16,53.146,55.02,53.146,54.795,5526932
2015-01-20,55.659,57.39,55.028,57.307,8875808
2015-01-21,57.893,60.01,57.381,59.678,7891691
2015-01-22,60.209,60.883,59.425,60.63,6107482
2015-01-23,60.775,62.326,60.326,61.72,5181419
2015-01-26,61.828,62.19,60.901,61.613,4606703
2015-01-27,60.984,62.858,60.823,62.694,4892030
2015-01-28,62.875,63.109,61.542,61.587,6548733
2015-01-29,63.011,63.677,61.838,63.486,6450057
2015-01-30,62.811,64.201,62.009,63.343,6431495
2015-02-02,64.235,65.577,63.117,65.577,5349609
2015-02-03,66.406,67.503,66.056,67.45,7419117
2015-02-04,66.443,67.678,65.551,67.036,5942348
2015-02-05,67.831,68.36,66.958,67.746,3346430
2015-02-06,67.849,69.018,67.648,68.548,3987690
2015-02-09,68.704,69.018,68.181,68.396,3089554
2015-02-10,67.739,68.335,66.514,68.162,3708550
2015-02-11,67.495,67.568,66.063,66.831,4579983
2015-02-12,67.771,68.309,67.183,68.117,3101505
2015-02-13,68.616,69.515,68.309,69.486,3836237
2015-02-17,69.268,70.084,68.806,69.74,3885508
2015-02-18,68.934,69.477,68.454,68.878,4408184
2015-02-19,68.444,70.627,67.964,70.221,5071163
2015-02-20,70.303,70.892,69.17,70.14,5035069
2015-02-23,69.604,72.062,69.604,71.944,4174077
2015-02-24,72.287,72.614,71.038,72.553,4898978
2015-02-25,72.442,73.085,71.563,71.727,3263512
2015-02-26,71.635,72.716,71.082,72.604,4719169
2015-02-27,72.643,72.95,71.138,71.156,4737648
2015-03-02,70.839,71.1,69.072,69.831,6589718
2015-03-03,70.519,71.082,70.267,70.821,3706592
2015-03-04,70.465,70.812,69.905,70.702,2425741
2015-03-05,70.919,71.056,69.703,69.721,3001440
2015-03-06,69.072,70.103,68.144,68.345,4059663
2015-03-09,68.416,70.257,68.416,69.189,4003097
2015-03-10,68.779,68.779,67.128,67.137,3855230
2015-03-11,67.363,68.017,67.256,67.609,2670974
2015-03-12,68.108,68.834,67.045,67.573,3266412
2015-03-13,67.236,67.851,66.693,67.851,3141480
2015-03-16,67.401,69.214,67.165,69.189,2725335
2015-03-17,68.551,69.189,67.781,68.878,2904628
2015-03-18,68.599,71.274,68.335,70.846,5216907
2015-03-19,70.031,70.619,69.551,70.294,2919182
2015-03-20,70.465,71.536,69.831,71.517,5703180
2015-03-23,71.645,72.09,71.209,71.219,3029448
2015-03-24,71.082,71.219,70.176,70.402,2423977
2015-03-25,71.193,72.623,71.038,71.645,4559499
2015-03-26,72.277,72.488,71.1,71.138,2244684
2015-03-27,71.291,71.501,70.121,70.384,2182164
2015-03-30,70.974,72.588,70.874,72.151,3347235
2015-03-31,71.147,71.998,71.1,71.281,2994504
2015-04-01,71.737,72.824,71.591,72.496,3591804
2015-04-02,71.898,72.614,70.685,70.892,4878941
2015-04-06,71.183,71.954,70.576,71.236,3595334
2015-04-07,71.319,71.508,70.465,70.529,3061115
2015-04-08,70.792,71.464,69.986,70.201,2593898
2015-04-09,70.084,70.655,69.651,70.568,3939456
2015-04-10,70.738,71.227,70.338,71.047,2542955
2015-04-13,71.147,71.173,69.315,69.769,4407004
2015-04-14,70.357,70.956,70.084,70.585,3797450
2015-04-15,70.695,71.809,70.646,71.591,3296960
2015-04-16,71.484,72.071,70.856,71.863,2807087
2015-04-17,71.347,71.444,70.51,70.746,2658513
2015-04-20,70.974,72.245,70.846,71.917,2889123
2015-04-21,71.917,72.227,71.372,72.1,2710485
2015-04-22,72.48,73.522,71.954,73.385,3112113
2015-04-23,73.586,74.111,73.314,73.667,3218666
2015-04-24,73.804,74.222,73.368,73.994,2279970
2015-04-27,74.247,74.302,73.469,73.522,2249316
2015-04-28,73.667,74.358,73.502,74.012,2497525
2015-04-29,73.848,74.311,73.36,73.459,3148646
2015-04-30,73.368,73.614,71.554,71.927,5325187
2015-05-01,72.015,74.057,71.772,74.012,3376122
2015-05-04,74.365,74.538,73.222,73.314,3124496
2015-05-05,73.55,73.821,72.869,72.95,2513294
2015-05-06,73.051,73.185,72.198,72.389,3747619
2015-05-07,72.37,72.662,71.563,72.496,4463149
2015-05-08,72.915,74.203,72.044,74.031,3317683
2015-05-11,74.348,74.348,72.788,73.043,2653441
2015-05-12,72.807,73.278,72.236,73.006,2476361
2015-05-13,73.414,73.623,72.653,73.249,2583643
2015-05-14,73.433,74.593,73.424,74.546,2910879
2015-05-15,74.41,74.465,73.843,74.018,2240947
2015-05-18,74.072,74.482,73.533,74.273,2207181
2015-05-19,73.881,74.062,73.268,73.697,2791303
2015-05-20,73.735,74.173,73.185,73.533,2794151
2015-05-21,73.689,74.319,73.305,73.971,2506926
2015-05-22,73.634,74.046,73.524,73.943,1899742
2015-05-26,73.213,73.406,72.025,72.474,3507169
2015-05-27,72.894,73.406,72.025,72.319,3689653
2015-05-28,72.091,72.756,71.213,72.657,3615942
2015-05-29,72.657,73.552,72.054,72.255,4089113
2015-06-01,72.667,73.288,72.327,72.465,3293270
2015-06-02,72.492,72.601,71.662,72.238,3593433
2015-06-03,71.954,72.016,70.976,71.506,3502734
2015-06-04,70.967,71.296,70.483,70.665,2872115
2015-06-05,70.537,71.789,70.473,71.278,2118086
2015-06-08,70.419,71.014,70.172,70.483,3662279
2015-06-09,70.627,71.059,70.071,70.127,3704761
2015-06-10,70.695,71.551,70.483,71.05,3942222
2015-06-11,71.213,72.41,70.755,71.844,3423459
2015-06-12,71.378,71.542,70.264,70.912,2819225
2015-06-15,70.958,71.314,70.465,71.305,2788455
2015-06-16,71.232,71.633,70.567,71.588,2749582
2015-06-17,72.28,72.746,71.16,71.998,3065275
2015-06-18,72.063,73.496,71.963,73.084,2746298
2015-06-19,72.675,73.626,72.675,72.756,3318664
2015-06-22,73.076,73.076,72.091,72.694,3452472
2015-06-23,72.875,73.607,72.657,73.341,2686182
2015-06-24,72.786,73.17,72.111,72.319,3401446
2015-06-25,72.319,72.618,71.963,72.045,2570764
2015-06-26,71.963,72.756,71.743,72.713,9585215
2015-06-29,71.917,72.52,71.653,71.678,5352653
2015-06-30,72.366,74.3,72.31,73.569,5164955
2015-07-01,73.641,74.757,73.533,74.245,4138719
2015-07-02,74.401,75.049,73.971,74.382,3710788
2015-07-06,73.415,74.693,72.831,74.465,4356736
2015-07-07,74.867,75.459,72.985,75.204,4566870
2015-07-08,74.748,74.757,71.286,71.688,4941914
2015-07-09,72.694,73.059,72.319,72.557,4203873
2015-07-10,72.932,74.738,72.746,74.418,3543578
2015-07-13,74.93,76.931,74.93,76.182,4542996
2015-07-14,75.744,77.068,75.697,76.272,5348581
2015-07-15,75.606,76.117,74.356,74.676,4092819
2015-07-16,75.268,76.2,74.903,75.991,3304863
2015-07-17,75.991,76.072,74.978,76.017,2739948
2015-07-20,75.916,76.026,75.105,75.185,3389180
2015-07-21,75.157,75.797,74.41,74.867,2425348
2015-07-22,74.738,75.671,74.154,74.729,4079478
2015-07-23,74.987,75.323,74.173,74.328,2310699
2015-07-24,74.283,74.482,71.506,72.172,5887896
2015-07-27,71.232,71.269,68.894,70.063,8418365
2015-07-28,70.137,72.209,69.789,71.825,5238771
2015-07-29,71.735,73.222,71.633,73.084,4796056
2015-07-30,72.593,73.041,71.578,72.255,4424845
2015-07-31,71.662,73.634,71.15,72.601,3959247
2015-08-03,71.844,73.268,71.46,71.853,4473659
2015-08-04,72.247,72.548,71.314,71.47,3943370
2015-08-05,72.667,73.471,71.405,71.49,3397393
2015-08-06,71.643,72.932,71.177,72.728,5042836
2015-08-07,72.392,73.617,72.118,72.713,3251429
2015-08-10,73.122,75.37,73.059,75.36,4245045
2015-08-11,74.036,76.538,73.881,76.437,3924601
2015-08-12,76.135,77.487,75.003,77.004,5536833
2015-08-13,76.49,77.59,75.837,76.377,4543936
2015-08-14,76.029,76.784,75.221,75.661,3564423
2015-08-17,75.311,76.423,75.072,76.359,2813664
2015-08-18,76.011,76.828,75.736,76.535,2737629
2015-08-19,76.029,76.24,73.888,74.283,5344623
2015-08-20,73.768,75.182,73.015,73.115,4065764
2015-08-21,72.343,72.703,69.565,69.631,7998389
2015-08-24,66.127,68.095,64.16,65.88,7668714
2015-08-25,67.682,68.142,64.722,64.859,5146654
2015-08-26,66.653,67.451,64.868,67.386,4974356
2015-08-27,68.976,70.365,67.268,68.968,6324461
2015-08-28,69.079,71.028,69.043,71,5318954
2015-08-31,73.086,73.676,71.047,72.693,9370141
2015-09-01,71.827,72.095,70.614,71.331,5767430
2015-09-02,72.755,72.793,70.65,72.224,3939585
2015-09-03,72.718,73.602,71.498,72.131,3652857
2015-09-04,71.248,71.718,70.521,70.973,4641072
2015-09-08,71.901,73.519,70.798,73.436,6757492
2015-09-09,73.602,76.075,73.509,74.144,6902923
2015-09-10,74.66,75.45,73.647,74.484,4813116
2015-09-11,74.144,74.448,73.291,74.098,4297236
2015-09-14,74.034,74.034,71.753,71.901,4635090
2015-09-15,72.076,73.215,71.46,72.822,4409599
2015-09-16,72.995,73.172,71.939,72.803,4370876
2015-09-17,73.068,74.245,72.058,72.913,4416597
2015-09-18,71.791,73.143,71.523,72.251,14087135
2015-09-21,72.453,74.007,72.148,72.867,3697238
2015-09-22,71.818,72.398,71.49,71.865,3216562
2015-09-23,72.214,73.115,71.542,71.569,2703149
2015-09-24,71.351,72.095,70.338,71.386,4054584
2015-09-25,71.873,72.443,71.028,71.654,3473163
2015-09-28,71.211,71.773,67.967,68.132,4527124
2015-09-29,68.776,69.859,68.261,68.499,4715691
2015-09-30,70.063,71.047,69.363,70.64,4243174
2015-10-01,71.368,72.148,70.348,71.644,3311087
2015-10-02,70.89,73.068,70.284,73.068,2683461
2015-10-05,73.491,75.651,73.436,75.221,3752303
2015-10-06,75.12,76.756,75.035,75.917,5824970
2015-10-07,76.24,77.031,74.704,76.525,4369681
2015-10-08,76.277,78.023,75.727,77.757,3458479
2015-10-09,77.785,77.95,75.855,76.784,3376571
2015-10-12,76.995,77.225,76.055,77.106,1948211
2015-10-13,76.305,77.187,75.394,75.532,3613698
2015-10-14,75.532,76.671,75.082,75.817,2363663
2015-10-15,76.334,77.122,75.257,76.756,2490497
2015-10-16,77.253,77.932,76.709,77.334,2913953
2015-10-19,76.69,76.949,74.908,75.035,3321968
2015-10-20,74.76,75.235,73.621,75.018,2657281
2015-10-21,75.275,75.294,73.759,74.007,2553802
2015-10-22,74.77,76.167,74.219,75.946,3615439
2015-10-23,75.946,77.639,75.762,76.628,2745137
2015-10-26,76.59,76.93,75.762,76.305,3398435
2015-10-27,75.698,76.819,75.442,76.819,2823453
2015-10-28,76.939,78.448,76.618,78.042,2906883
2015-10-29,77.702,79.906,77.702,79.458,3882046
2015-10-30,81.195,83.495,80.259,81.866,7750491
2015-11-02,81.261,84.119,81.178,83.291,5373085
2015-11-03,83.4,85.765,82.906,85.196,3955686
2015-11-04,85.497,86.527,85.038,85.802,4279105
2015-11-05,85.811,86.371,85.139,86.124,3388535
2015-11-06,85.693,86.16,84.616,85.267,2661705
2015-11-09,85.267,86.418,84.019,84.589,2970027
2015-11-10,84.532,85.966,84.087,85.19,2485608
2015-11-11,84.921,85.763,83.626,83.792,2800108
2015-11-12,83.21,83.21,81.775,82.543,2910706
2015-11-13,82.561,83.21,81.324,82.396,3329750
2015-11-16,82.302,84.265,81.703,84.237,2965953
2015-11-17,83.958,85.079,83.7,84.282,2493717
2015-11-18,84.431,85.763,84.412,85.596,2008078
2015-11-19,85.43,86.004,84.754,85.449,2559342
2015-11-20,85.605,86.013,84.652,84.791,2982384
2015-11-23,83.7,85.56,83.691,85.255,2946814
2015-11-24,85.19,86.864,84.672,86.143,2491640
2015-11-25,86.086,87.003,85.8,85.81,2107648
2015-11-27,85.366,86.308,85.199,85.8,832355
2015-11-30,86.106,86.447,84.487,84.662,4446656
2015-12-01,85.401,85.976,84.367,85.717,2789858
2015-12-02,85.246,86.023,83.32,83.653,3270091
2015-12-03,84.172,84.431,81.583,81.925,3064554
2015-12-04,83.571,83.867,82.045,83.431,3271260
2015-12-07,81.971,82.749,79.286,80.185,5688433
2015-12-08,79.149,80.87,78.725,79.965,3705295
2015-12-09,80.018,81.259,78.807,79.632,3153416
2015-12-10,79.991,80.98,79.252,80.241,2912976
2015-12-11,79.047,79.464,76.329,76.568,4576175
2015-12-14,76.143,76.615,74.255,75.292,5527780
2015-12-15,76.236,77.05,75.31,75.643,5657513
2015-12-16,75.431,77.142,75.431,76.827,4304487
2015-12-17,76.772,77.086,75.625,75.643,3402940
2015-12-18,75.384,75.643,73.701,74.516,6753230
2015-12-21,74.94,75.172,73.516,74.57,3037307
2015-12-22,74.848,76.108,74.617,75.57,2835851
2015-12-23,76.503,78.482,75.978,78.438,3366399
2015-12-24,78.187,78.604,77.523,78.03,1139763
2015-12-28,76.938,77.289,75.763,76.272,1827656
2015-12-29,77.438,77.575,76.382,76.559,2060775
2015-12-30,76.133,77.152,75.728,75.857,1651605
2015-12-31,75.384,76.228,75.117,75.662,2265799
2016-01-04,75.117,75.746,73.406,74.071,3515194
2016-01-05,74.339,75.099,74.044,74.922,3081140
2016-01-06,73.183,73.997,71.778,72.175,4619924
2016-01-07,70.917,72.249,70.251,70.715,6873681
2016-01-08,71.148,71.389,69.512,69.566,6496189
2016-01-11,70.168,71.693,68.789,70.464,4708666
2016-01-12,70.954,72.497,70.296,71.981,5804987
2016-01-13,72.989,73.008,68.948,69.603,7027503
2016-01-14,70.233,74.071,68.743,73.33,5798338
2016-01-15,71.148,72.704,70.861,72.583,5775201
2016-01-19,74.349,74.589,71.666,72.767,4945377
2016-01-20,71.13,72.342,69.713,71.158,5587981
2016-01-21,70.954,71.43,69.641,70.334,4713553
2016-01-22,72.564,74.829,71.778,74.025,4362408
2016-01-25,73.137,73.758,70.457,70.51,4619984
2016-01-26,71.14,71.962,70.473,71.926,3435381
2016-01-27,71.353,73.783,70.687,71.897,5169472
2016-01-28,73.295,73.997,71.222,72.795,5579515
2016-01-29,72.241,74.21,70.112,74.136,8047999
2016-02-01,73.701,74.607,71.981,73.516,4851295
2016-02-02,72.685,73.48,71.962,72.608,4643453
2016-02-03,73.544,73.941,71,73.166,7932024
2016-02-04,73.156,74.848,72.704,73.887,6116310
2016-02-05,73.655,74.441,72.073,72.453,5022468
2016-02-08,72.453,72.453,67.799,70.557,8627026
2016-02-09,70.084,70.87,69.069,69.78,4679630
2016-02-10,70.316,71.315,69.069,69.641,6153610
2016-02-11,68.522,69.93,66.854,67.935,8284450
2016-02-12,68.96,70.19,68.811,70.078,4525656
2016-02-16,71.532,72.949,70.69,72.921,6103117
2016-02-17,73.704,75.38,73.507,75.103,4791044
2016-02-18,75.8,76.182,73.517,74.03,4945775
2016-02-19,73.386,74.719,73.051,74.636,3397300
2016-02-22,75.53,75.876,74.655,75.363,3517381
2016-02-23,74.924,75.121,73.181,73.209,3565808
2016-02-24,72.242,73.76,72.083,73.704,3930206
2016-02-25,73.853,73.928,72.334,73.396,3538175
2016-02-26,74.105,74.728,73.545,73.713,2672095
2016-02-29,73.993,74.906,73.555,73.984,3332925
2016-03-01,74.561,78.084,74.272,77.729,6468657
2016-03-02,77.487,78.876,77.198,78.811,3847486
2016-03-03,79.155,80.684,78.791,80.227,4111301
2016-03-04,80.608,80.702,79.062,79.938,3102246
2016-03-07,79.564,81.849,79.276,81.457,4014999
2016-03-08,80.971,81.773,78.979,79.024,3768039
2016-03-09,79.695,81.29,79.396,80.227,3301619
2016-03-10,80.208,80.208,78.391,79.614,2644664
2016-03-11,80.376,80.823,79.314,80.545,3127618
2016-03-14,79.836,80.608,79.483,80.31,2176863
2016-03-15,79.211,80.767,79.118,80.702,2370301
2016-03-16,80.73,81.914,80.487,81.606,2523692
2016-03-17,82.015,82.622,80.554,82.362,2643484
2016-03-18,82.753,83.544,82.127,83.32,5792712
2016-03-21,83.078,83.833,83.04,83.582,2328776
2016-03-22,83.516,84.681,82.967,84.021,2330036
2016-03-23,83.815,83.815,81.894,82.118,2159421
2016-03-24,81.047,82.118,80.675,82.064,2733430
2016-03-28,81.885,82.127,81.14,81.53,2235619
2016-03-29,80.889,81.754,80.162,81.476,2118799
2016-03-30,82.183,82.574,81.057,81.651,1986123
2016-03-31,81.327,81.831,80.338,80.692,3014326
2016-04-01,79.77,80.106,79.099,79.836,2831968
2016-04-04,79.865,80.758,79.48,79.891,1950205
2016-04-05,79.284,79.856,78.474,79.034,2281472
2016-04-06,79.536,79.787,77.588,79.23,3402670
2016-04-07,78.839,79.23,78.121,78.755,1879852
2016-04-08,79.958,80.898,79.463,80.199,2941662
2016-04-11,80.608,80.936,78.801,78.819,2315648
2016-04-12,78.903,80.227,78.335,80.125,2776620
2016-04-13,80.59,81.169,79.958,81.083,2241573
2016-04-14,81.178,81.661,80.673,81.001,1862171
2016-04-15,80.758,80.758,79.072,79.072,2922398
2016-04-18,78.289,79.891,78.196,79.817,2634014
2016-04-19,79.882,80.608,79.483,80.535,2077246
2016-04-20,80.059,81.271,79.034,80.787,2514359
2016-04-21,80.926,81.681,80.215,81.449,2436630
2016-04-22,81.671,82.435,81.429,81.987,2187950
2016-04-25,81.914,82.231,80.971,81.943,1857152
2016-04-26,82.425,82.797,81.84,82.381,1776256
2016-04-27,82.797,83.228,82.015,82.892,2630857
2016-04-28,82.342,82.996,81.391,81.812,3260947
2016-04-29,79.405,80.17,75.624,76.517,7823456
2016-05-02,76.825,76.882,74.534,76.602,4808751
2016-05-03,75.204,75.464,74.039,74.561,4717304
2016-05-04,74.459,74.911,73.145,73.919,3215750
2016-05-05,74.57,75.316,73.101,73.694,3037332
2016-05-06,73.35,74.714,72.94,73.173,4080676
2016-05-09,73.154,73.177,71.644,72.986,3288326
2016-05-10,73.396,74.262,73.304,73.853,2399955
2016-05-11,73.769,74.887,73.265,73.984,2845954
2016-05-12,74.551,74.645,72.539,72.921,2793560
2016-05-13,72.921,73.751,72.602,73.005,3250801
2016-05-16,73.483,74.029,72.526,73.917,3307288
2016-05-17,73.804,74.498,73.315,73.568,2379876
2016-05-18,73.55,74.668,73.01,73.399,2669797
2016-05-19,72.854,73.24,72.037,72.949,2385286
2016-05-20,73.419,73.709,72.798,73.183,2503720
2016-05-23,72.818,73.87,72.715,73.108,2659948
2016-05-24,73.84,75.155,73.738,74.873,3676840
2016-05-25,75.242,75.597,74.658,75.278,3105465
2016-05-26,75.551,75.721,74.33,75.194,3802275
2016-05-27,75.203,75.906,74.921,75.749,2468961
2016-05-31,76.001,76.17,75.024,75.495,6288924
2016-06-01,75.062,76.057,74.584,75.955,3217230
2016-06-02,75.691,76.5,75.644,75.935,2452139
2016-06-03,75.73,75.993,74.584,75.278,3177426
2016-06-06,75.73,75.88,75.237,75.872,2325706
2016-06-07,75.975,76.64,75.663,76.395,2882910
2016-06-08,76.64,77.429,76.107,77.383,3827137
2016-06-09,76.706,76.932,75.984,76.219,3510807
2016-06-10,75.39,75.775,74.808,75.222,2492310
2016-06-13,74.902,75.101,73.907,74.029,3563425
2016-06-14,73.87,74.533,72.93,74.123,2808470
2016-06-15,73.87,75.128,73.379,74.349,2471288
2016-06-16,73.718,74.752,73.37,74.621,1987793
2016-06-17,74.536,74.649,73.54,73.747,4349878
2016-06-20,74.714,75.381,74.178,74.273,2925456
2016-06-21,74.498,74.761,73.493,74.544,2481348
2016-06-22,74.564,75.439,74.359,74.724,1960876
2016-06-23,75.175,75.975,74.78,75.975,2232464
2016-06-24,73.55,74.912,73.55,73.86,6420146
2016-06-27,73.456,73.765,71.774,72.244,3731769
2016-06-28,73.277,74.02,72.403,73.982,2638744
2016-06-29,74.414,75.165,74.292,74.873,2500022
2016-06-30,74.593,74.677,73.005,74.536,3731570
2016-07-01,74.283,75.071,74.178,74.949,2832479
2016-07-05,74.188,74.518,72.715,73.211,3261330
2016-07-06,72.583,72.628,70.308,71.746,5689244
2016-07-07,71.953,72.432,69.208,69.773,6445828
2016-07-08,70.026,70.9,69.575,70.318,4319639
2016-07-11,70.318,71.004,70.233,70.655,2878987
2016-07-12,71.389,72.516,71.136,71.774,3522184
2016-07-13,71.475,71.877,70.291,71.632,3813121
2016-07-14,71.738,72.159,71.455,71.972,3087946
2016-07-15,72.253,72.253,70.929,71.078,3169318
2016-07-18,71.182,71.465,70.459,71.069,2574262
2016-07-19,71.145,71.338,70.758,71.154,2147490
2016-07-20,71.154,71.416,70.459,70.777,2282768
2016-07-21,70.975,71.557,70.412,70.573,2830284
2016-07-22,70.573,70.836,70.093,70.826,1796962
2016-07-25,70.487,70.495,69.491,69.961,3529554
2016-07-26,69.961,71.679,69.866,71.616,3088638
2016-07-27,71.802,72.215,70.714,70.836,3308048
2016-07-28,71.107,71.754,70.543,71.632,4307098
2016-07-29,70.816,71.547,69.35,71.455,5905852
2016-08-01,70.74,71.051,69.539,69.764,3618175
2016-08-02,70.017,71.709,69.998,71.539,4820176
2016-08-03,71.962,73.972,71.679,73.897,4877606
2016-08-04,73.625,74.057,72.628,72.845,2866312
2016-08-05,73.005,73.845,72.808,73.54,1723104
2016-08-08,74.114,74.705,73.728,73.821,2477721
2016-08-09,73.992,74.022,71.943,72.075,3249297
2016-08-10,72.235,73.146,71.868,72.29,2365090
2016-08-11,72.731,73.718,72.338,73.428,2088186
2016-08-12,73.643,74.123,73.277,74.038,2612573
2016-08-15,74.359,74.452,73.483,73.83,2988701
2016-08-16,73.983,74.106,73.595,73.85,1714149
2016-08-17,73.927,74.066,73.169,73.595,2790593
2016-08-18,73.85,74.04,73.093,73.821,3833640
2016-08-19,73.518,74.524,73.405,73.918,2534644
2016-08-22,73.415,73.548,72.732,72.894,2377913
2016-08-23,73.083,74.05,72.884,73.699,1820499
2016-08-24,73.681,74.086,73.112,73.566,1747806
2016-08-25,73.765,75.244,73.708,74.882,3870899
2016-08-26,74.911,75.479,74.031,74.457,2176262
2016-08-29,74.684,75.102,74.485,74.702,1882000
2016-08-30,75.251,75.566,74.731,75.129,2091100
2016-08-31,74.959,75.166,73.973,74.294,2796031
2016-09-01,74.75,74.75,73.548,74.144,2286522
2016-09-02,74.788,74.845,74.324,74.693,1648354
2016-09-06,75.082,75.138,74.589,74.92,2882422
2016-09-07,75.043,75.753,74.959,75.374,3497661
2016-09-08,75.575,76.198,75.261,75.84,2113744
2016-09-09,75.186,75.205,73.737,73.737,2991004
2016-09-12,73.385,75.015,73.093,74.665,2349066
2016-09-13,73.87,73.918,73.036,73.159,4231912
2016-09-14,73.054,74.086,72.696,72.894,3289267
2016-09-15,73.329,75.319,73.018,74.911,3046608
2016-09-16,74.173,75.087,74.086,74.901,8022668
2016-09-19,75.536,76.598,74.988,76.096,3380232
2016-09-20,76.096,76.209,75.366,75.366,2342408
2016-09-21,75.593,75.943,75.166,75.83,2253144
2016-09-22,76.237,76.786,75.772,75.792,1825124
2016-09-23,75.469,75.717,74.872,75.366,2176204
2016-09-26,75.556,76.019,75.181,75.261,2482504
2016-09-27,74.836,75.597,74.741,75.205,2401673
2016-09-28,75.506,77.004,75.102,76.891,3117634
2016-09-29,76.758,76.891,74.68,75.082,4351661
2016-09-30,75.687,76.672,75.337,76.283,2977588
2016-10-03,76.16,76.489,75.584,76.15,1798028
2016-10-04,76.086,76.965,75.516,75.593,2096415
2016-10-05,76.323,77.099,76.106,76.796,2489938
2016-10-06,76.881,77.185,75.801,76.494,1931676
2016-10-07,76.711,76.779,75.762,76.132,1704969
2016-10-10,76.578,77.127,76.52,76.995,1413304
2016-10-11,76.938,77.032,75.933,76.293,1670063
2016-10-12,76.293,76.293,75.299,75.584,1756758
2016-10-13,74.988,75.251,73.927,74.959,2307547
2016-10-14,75.516,75.877,75.015,75.111,1500243
2016-10-17,75.111,75.499,74.58,74.949,2531056
2016-10-18,75.506,75.753,75.102,75.374,1414226
2016-10-19,75.679,75.869,75.244,75.452,1834803
2016-10-20,75.196,75.687,74.731,75.516,1485965
2016-10-21,75.015,76.17,74.627,76.096,2186578
2016-10-24,76.265,76.739,75.639,76.323,1573657
2016-10-25,76.037,76.786,75.707,76.484,2389951
2016-10-26,76.028,77.193,75.869,76.767,2180316
2016-10-27,76.824,76.953,75.63,75.753,2570376
2016-10-28,75.033,77.43,74.816,75.887,3143530
2016-10-31,75.953,77.649,75.782,76.852,2976301
2016-11-01,77.99,78.803,75.261,76.001,4594626
2016-11-02,75.29,75.584,73.879,74.191,3124772
2016-11-03,74.427,75.575,73.548,74.892,2672276
2016-11-04,74.702,75.337,74.116,74.437,1656175
2016-11-07,75.403,75.982,75.309,75.697,2165972
2016-11-08,75.499,76.456,75.393,75.659,1707960
2016-11-09,75.092,78.757,74.75,78.084,4740295
2016-11-10,77.98,79.324,77.876,78.69,3366788
2016-11-11,78.509,78.69,77.536,77.866,2308457
2016-11-14,77.866,79.078,77.686,78.945,2747889
2016-11-15,79.545,79.948,78.727,79.871,3134206
2016-11-16,79.824,79.985,78.993,79.204,1678062
2016-11-17,79.89,80.737,79.491,79.994,2404756
2016-11-18,80.052,80.328,79.709,79.814,2326732
2016-11-21,80.615,81.045,80.129,80.977,2219610
2016-11-22,81.074,81.714,80.319,80.997,2987906
2016-11-23,80.959,81.685,80.615,81.17,2812883
2016-11-25,80.94,81.036,80.644,81.007,1018753
2016-11-28,80.921,81.14,80.176,80.243,3540452
2016-11-29,79.545,79.679,78.536,78.62,2253548
2016-11-30,79.298,79.977,78.559,79.279,5239077
2016-12-01,80.082,81.874,79.774,81.091,3704774
2016-12-02,80.873,81.78,80.825,80.997,2205252
2016-12-05,81.474,81.96,81.007,81.531,2946065
2016-12-06,81.235,81.521,80.691,81.026,2686998
2016-12-07,81.19,83.116,81.055,83.029,2811861
2016-12-08,83.077,83.942,82.944,83.621,2348064
2016-12-09,83.679,83.679,82.886,83.171,1585483
2016-12-12,83.974,84.432,82.762,83.306,1932590
2016-12-13,83.726,84.806,83.335,84.137,2038427
2016-12-14,83.64,84.033,82.401,82.467,2793395
2016-12-15,82.181,83.107,82,82.611,2235998
2016-12-16,82.83,83.555,82.581,83.459,2405852
2016-12-19,83.201,83.44,82.877,83.181,1589025
2016-12-20,83.384,83.488,82.706,82.963,1554834
2016-12-21,83.126,83.24,82.601,82.81,1585528
2016-12-22,82.734,83.909,82.487,83.555,1525843
2016-12-23,83.287,83.879,83.287,83.707,994367
2016-12-27,83.85,84.107,83.603,83.726,971000
2016-12-28,83.717,83.936,83.048,83.136,1406411
2016-12-29,83.029,83.488,82.409,82.686,1085278
2016-12-30,82.686,83.067,82.075,82.457,1440708
2017-01-03,83.315,83.899,82.686,82.82,2366163
2017-01-04,83.181,84.222,83.097,83.269,2417528
2017-01-05,83.269,84.088,82.696,82.772,2154919
2017-01-06,82.81,82.993,81.378,81.493,2084788
2017-01-09,81.026,81.026,79.918,80.176,2704919
2017-01-10,80.158,81.284,79.766,79.928,3874822
2017-01-11,80.072,81.685,79.968,81.007,3693944
2017-01-12,81.197,81.225,79.689,80.481,2266449
2017-01-13,80.214,80.309,79.265,79.481,2350400
2017-01-17,79.402,80.778,79.279,79.739,2493789
2017-01-18,79.699,80.64,79.679,80.283,2061950
2017-01-19,80.11,80.229,78.898,79.194,2021907
2017-01-20,79.67,80.186,78.802,79.242,2167356
2017-01-23,79.471,79.555,78.268,78.44,2131172
2017-01-24,78.86,80.591,78.773,80.338,2513470
2017-01-25,80.835,81.388,80.601,81.111,1789783
2017-01-26,81.284,81.437,80.186,80.387,1696477
2017-01-27,80.166,80.491,78.726,78.985,2199955
2017-01-30,78.726,78.965,77.953,78.564,2488769
2017-01-31,78.248,78.602,77.438,77.887,2871602
2017-02-01,78.352,78.553,76.683,77.056,3175367
2017-02-02,77.227,77.544,76.56,77.341,3549838
2017-02-03,76.817,77.485,75.215,76.292,3848532
2017-02-06,76.342,76.521,75.385,75.519,3161262
2017-02-07,75.481,75.519,74.251,74.957,3411419
2017-02-08,74.671,75.405,74.251,75.252,3188616
2017-02-09,75.767,75.988,75.367,75.625,2721649
2017-02-10,75.787,76.322,75.75,76.207,2127968
2017-02-13,76.207,76.456,75.929,76.244,2213292
2017-02-14,76.322,76.439,75.529,76.322,2666676
2017-02-15,76.083,76.713,76.012,76.416,2376402
2017-02-16,76.561,76.648,75.407,75.503,3056714
2017-02-17,75.493,76.215,75.358,75.657,2307198
2017-02-21,76.06,76.359,75.753,76.014,2946028
2017-02-22,75.984,75.984,75.234,75.387,2097544
2017-02-23,75.984,76.321,75.368,75.608,1938862
2017-02-24,75.397,75.493,74.724,75.051,2313854
2017-02-27,75.215,76.166,75.022,75.85,2753510
2017-02-28,75.772,76.119,75.128,75.205,3370093
2017-03-01,75.897,76.974,75.869,76.341,3331680
2017-03-02,76.253,76.321,75.176,75.339,2650268
2017-03-03,75.503,76.014,75.196,75.349,1806677
2017-03-06,75.176,75.882,75.031,75.715,1921504
2017-03-07,75.608,75.801,74.435,74.523,2784764
2017-03-08,74.647,75.321,74.185,74.3,2929264
2017-03-09,74.08,74.445,73.368,73.907,2791236
2017-03-10,74.233,75.965,73.666,75.85,5184905
2017-03-13,75.897,76.456,75.705,75.994,2265223
2017-03-14,75.503,75.762,75.176,75.512,2436412
2017-03-15,75.925,77.215,75.925,77.09,2507562
2017-03-16,77.004,77.042,76.387,76.648,2572830
2017-03-17,76.81,77.032,76.59,76.889,2910247
2017-03-20,76.83,76.936,76.08,76.378,2376134
2017-03-21,76.456,76.734,75.272,75.598,4815006
2017-03-22,75.311,75.92,74.868,75.82,3146946
2017-03-23,75.571,76.166,75.437,75.483,2299760
2017-03-24,75.427,75.667,74.176,74.32,2453355
2017-03-27,74.032,74.82,73.733,74.3,2172207
2017-03-28,74.455,75.128,74.143,74.945,2483328
2017-03-29,74.839,75.503,74.58,75.33,2372555
2017-03-30,75.387,75.84,74.965,75.59,3366105
2017-03-31,75.493,76.397,75.417,76.196,2853025
2017-04-03,76.07,76.196,75.022,75.301,1778979
2017-04-04,75.503,75.552,74.704,75.437,1423255
2017-04-05,75.734,76.446,74.57,74.608,2974435
2017-04-06,74.628,74.685,73.723,73.945,3448821
2017-04-07,74.022,74.694,73.608,74.205,2582873
2017-04-10,74.55,75.643,74.541,75.07,2603332
2017-04-11,74.839,74.992,74.205,74.907,2123988
2017-04-12,75.146,75.272,74.31,74.425,2085505
2017-04-13,74.31,74.724,73.536,73.743,2705544
2017-04-17,73.733,74.07,73.643,74.07,1610206
2017-04-18,73.723,74.051,72.752,73.031,2418628
2017-04-19,73.041,73.243,72.267,72.454,2605832
2017-04-20,72.617,73.455,72.454,72.858,1749099
2017-04-21,72.714,73.663,72.714,73.435,2661536
2017-04-24,74.176,74.628,73.811,74.55,2575984
2017-04-25,74.638,75.196,74.3,75.1,2737282
2017-04-26,74.955,75.879,74.694,75.128,3094285
2017-04-27,75.031,75.146,73.993,75.07,3120871
2017-04-28,76.561,77.85,76.05,76.522,5469673
2017-05-01,76.485,77.278,76.291,76.522,2737863
2017-05-02,76.879,77.013,76.041,76.235,2288608
2017-05-03,75.897,76.705,75.772,76.551,2023568
2017-05-04,76.272,76.272,75.022,75.252,2249553
2017-05-05,75.339,76.397,75.327,76.321,1833977
2017-05-08,76.05,76.685,75.782,76.6,1937455
2017-05-09,76.503,77.052,76.35,76.561,1513564
2017-05-10,76.725,76.984,76.426,76.705,1757957
2017-05-11,76.849,76.96,76.185,76.485,1497621
2017-05-12,76.436,76.927,76.272,76.744,1497026
2017-05-15,77.225,77.599,76.783,77.061,1787548
2017-05-16,77.08,77.114,75.896,76.207,2073260
2017-05-17,76.004,76.44,75.325,75.363,2269834
2017-05-18,75.082,75.625,74.529,75.246,2611961
2017-05-19,75.353,76.198,75.053,75.925,2363393
2017-05-22,75.984,76.45,75.888,76.217,1429005
2017-05-23,76.41,76.45,75.77,75.819,3064027
2017-05-24,75.79,76.275,75.595,75.955,1469319
2017-05-25,76.178,76.537,74.922,75.12,2849755
2017-05-26,75.325,75.595,74.858,75.139,2367729
2017-05-30,74.986,75.373,74.538,74.713,1972299
2017-05-31,74.616,74.937,73.743,73.849,3958778
2017-06-01,74.111,74.431,73.645,74.344,2580379
2017-06-02,73.908,74.529,73.597,74.101,2216695
2017-06-05,73.928,74.937,73.928,74.577,2320585
2017-06-06,74.412,74.81,74.058,74.752,1759423
2017-06-07,74.364,74.863,74.081,74.675,2633851
2017-06-08,74.547,75.628,74.52,75.102,2502213
2017-06-09,75.063,77.332,74.998,77.206,2918879
2017-06-12,77.265,78.09,77.226,77.828,3059854
2017-06-13,77.905,78.333,77.528,78.235,1880621
2017-06-14,78.197,78.244,76.41,76.44,2888581
2017-06-15,76.275,77.023,76.198,76.731,2223334
2017-06-16,77.071,78.576,76.857,78.536,5015300
2017-06-19,78.586,79.099,78.45,78.827,2841823
2017-06-20,77.915,78.206,76.566,77.187,2370070
2017-06-21,77.187,77.402,76.294,76.546,2137374
2017-06-22,76.672,77.052,76.294,76.566,1047172
2017-06-23,76.48,77.983,76.46,77.886,2771139
2017-06-26,77.895,78.254,77.678,77.857,1552906
2017-06-27,78.003,78.885,77.857,78.148,1704543
2017-06-28,78.595,79.69,78.586,79.362,2387037
2017-06-29,79.661,80.36,79.362,79.438,2590712
2017-06-30,79.875,80.642,79.488,80.234,2531781
2017-07-03,80.506,81.378,80.456,80.865,1109820
2017-07-05,80.778,80.778,79.71,79.885,2034614
2017-07-06,79.953,80.151,79.263,79.458,1639502
2017-07-07,79.488,80.36,79.127,80.147,1711310
2017-07-10,80.031,80.41,79.885,80.011,1539279
2017-07-11,79.836,80.292,79.478,79.913,1407938
2017-07-12,80.37,80.632,79.478,79.797,1655138
2017-07-13,79.508,79.807,78.701,79.292,2389989
2017-07-14,79.428,79.903,79.225,79.759,1479728
2017-07-17,79.488,79.777,79.216,79.38,1900176
2017-07-18,79.651,79.69,79.089,79.525,1380107
2017-07-19,79.515,80.476,79.428,80.456,1717165
2017-07-20,80.506,80.652,79.554,79.913,1199260
2017-07-21,79.865,80.85,79.544,80.39,2257680
2017-07-24,80.234,80.555,80.069,80.195,1461292
2017-07-25,80.739,82.165,80.739,81.943,2405931
2017-07-26,82.175,82.207,81.137,81.213,1807880
2017-07-27,81.049,82.407,80.866,81.999,2248082
2017-07-28,81.737,82.135,81.011,81.166,2235841
2017-07-31,81.388,81.883,81.262,81.262,3752687
2017-08-01,81.544,83.262,81.504,83.087,2771230
2017-08-02,82.911,84.707,82.845,84.095,3042801
2017-08-03,84.193,84.532,83.047,83.107,2504852
2017-08-04,83.145,83.63,83.037,83.057,2151392
2017-08-07,82.991,83.047,82.36,82.543,2254117
2017-08-08,82.32,82.776,82.019,82.495,1904548
2017-08-09,82.476,83.018,81.811,81.98,2367393
2017-08-10,81.913,82.233,81.001,81.156,1907118
2017-08-11,80.622,81.312,80.496,80.961,1915097
2017-08-14,81.117,81.797,80.961,81.388,1812535
2017-08-15,81.262,81.584,80.768,81.195,1966025
2017-08-16,81.517,81.684,80.983,81.243,2185401
2017-08-17,80.891,81.223,79.149,79.149,2378992
2017-08-18,79.062,80.403,78.993,79.805,2339182
2017-08-21,79.658,80.276,79.393,80.138,1710966
2017-08-22,80.353,80.822,80.226,80.46,1746654
2017-08-23,80.206,80.872,80.119,80.587,1185260
2017-08-24,80.293,82.594,80.293,82.066,2517378
2017-08-25,82.487,83.014,81.577,81.625,1817966
2017-08-28,82.3,82.779,81.723,81.85,2335759
2017-08-29,81.704,82.183,81.459,81.704,1734614
2017-08-30,81.704,81.939,81.166,81.801,1894593
2017-08-31,82.163,82.173,81.332,82.006,2499764
2017-09-01,82.066,82.789,81.4,82.614,2093871
2017-09-05,82.506,82.584,80.882,81.45,2546143
2017-09-06,81.841,82.143,81.39,81.567,1918768
2017-09-07,81.684,82.388,81.323,82.233,1893979
2017-09-08,82.223,83.279,82.153,82.878,1979237
2017-09-11,83.073,83.582,82.613,83.357,1542056
2017-09-12,83.367,83.993,83.25,83.886,1602359
2017-09-13,84.043,84.595,83.68,84.492,1786705
2017-09-14,84.326,84.893,84.1,84.384,2046650
2017-09-15,84.443,85.93,84.433,85.783,4459270
2017-09-18,85.726,86.449,85.617,86.41,1855879
2017-09-19,86.469,87.384,86.126,87.173,1970979
2017-09-20,87.114,87.584,86.86,87.153,2329137
2017-09-21,86.987,87.78,86.89,87.222,2079281
2017-09-22,87.222,88.161,87.104,87.956,2076731
2017-09-25,88.034,89.526,87.917,89.052,2084412
2017-09-26,89.189,89.707,88.954,89.384,2029889
2017-09-27,89.424,90.099,88.631,89.825,2521444
2017-09-28,90,90.207,89.326,89.816,2245735
2017-09-29,89.688,90.094,89.384,89.639,1990166
2017-10-02,89.394,90.676,89.247,90.392,1971953
2017-10-03,91.783,92.653,91.244,91.616,2663443
2017-10-04,91.381,91.693,90.764,91.419,2263030
2017-10-05,91.518,92.094,91.097,91.322,2091373
2017-10-06,90.773,91.322,90.422,90.823,1808220
2017-10-09,91.137,91.556,91.117,91.312,1265906
2017-10-10,91.645,91.977,91.312,91.459,1134502
2017-10-11,91.459,91.929,90.92,91.664,1639032
2017-10-12,91.439,92.428,91.317,92.311,1752277
2017-10-13,92.653,92.957,92.193,92.398,1644003
2017-10-16,91.488,91.772,88.749,88.915,3636715
2017-10-17,88.739,89.14,88.455,88.68,2450021
2017-10-18,88.787,88.923,87.966,88.299,1984924
2017-10-19,87.78,88.626,87.34,88.445,1941562
2017-10-20,88.836,89.071,88.445,88.846,2156145
2017-10-23,88.934,89.781,88.75,89.277,2080804
2017-10-24,89.316,89.908,88.719,89.854,1448573
2017-10-25,89.844,90.363,89.27,89.737,2235410
2017-10-26,89.541,90.02,88.846,89.218,1720114
2017-10-27,89.09,90.099,88.26,90.01,2128718
2017-10-30,89.609,90.334,89.033,89.062,1965651
2017-10-31,88.983,89.474,88.347,89.12,1473907
2017-11-01,89.071,90.656,88.959,90.314,2199558
2017-11-02,90.226,91.586,89.933,91.449,1862858
2017-11-03,91.322,92.389,91.057,91.566,1909148
2017-11-06,91.576,92.907,91.283,92.398,1968926
2017-11-07,92.633,92.633,91.926,92.536,1401332
2017-11-08,92.486,92.633,91.997,92.516,2080126
2017-11-09,91.596,92.593,91.596,92.389,1566301
2017-11-10,92.281,92.476,91.312,91.645,1377404
2017-11-13,91.645,92.184,91.194,91.312,1292622
2017-11-14,90.598,91.381,90.402,90.833,1813939
2017-11-15,90.217,91.057,89.482,90.578,1804529
2017-11-16,90.707,91.436,90.253,91.16,2229929
2017-11-17,90.943,91.88,90.677,91.347,1359844
2017-11-20,91.189,91.673,90.855,91.318,933178
2017-11-21,91.624,92.717,91.554,92.304,1530617
2017-11-22,91.978,92.639,91.978,91.978,1434216
2017-11-24,92.018,92.541,91.978,92.323,614309
2017-11-27,92.225,92.32,91.249,91.505,2093072
2017-11-28,92.146,92.895,91.534,92.727,1606738
2017-11-29,92.727,93.699,92.727,93.576,2032712
2017-11-30,93.664,96.317,93.586,96.188,3184976
2017-12-01,96.603,96.78,94.01,96.198,2224167
2017-12-04,95.626,97.953,95.626,96.159,1981632
2017-12-05,96.375,97.948,96.169,96.888,1846148
2017-12-06,96.741,97.234,95.922,96.218,1623891
2017-12-07,96.129,96.908,95.951,96.484,1506845
2017-12-08,97.135,98.465,96.821,98.15,2312833
2017-12-11,97.973,98.841,97.973,98.318,1318078
2017-12-12,98.475,98.722,97.608,97.677,1688097
2017-12-13,97.934,98.976,97.598,98.585,1939954
2017-12-14,98.446,99.046,98.15,98.15,1476645
2017-12-15,98.594,98.996,98.18,98.515,2994927
2017-12-18,98.515,99.006,98.269,98.575,1859101
2017-12-19,98.633,98.732,97.677,97.746,1571252
2017-12-20,98.249,99.56,97.825,99.304,2250779
2017-12-21,99.254,99.423,98.505,98.673,2383384
2017-12-22,99.234,99.85,98.897,99.473,1108149
2017-12-26,99.72,100.38,99.443,100.21,913228
2017-12-27,100.38,100.99,99.84,100.63,1243475
2017-12-28,100.66,100.72,99.99,100.53,1276284
2017-12-29,100.81,100.85,99.73,99.73,1285689
2018-01-02,100.23,100.4,99.65,100.32,1239802
2018-01-03,100.02,101.35,99.98,100.99,1370988
2018-01-04,100.96,101.27,100.39,100.71,1126480
2018-01-05,100.76,100.91,100.21,100.72,1777470
2018-01-08,101.06,101.06,100.03,100.63,1254107
2018-01-09,100.47,100.81,99.95,100.29,1516225
2018-01-10,100.49,100.97,99.88,100.64,992099
2018-01-11,101.18,101.18,100.08,100.93,1374834
2018-01-12,101.1,103.62,101.06,103.5,1875652
2018-01-16,103.07,103.42,101.72,102.05,2589083
2018-01-17,102.49,105.4,102.37,104.67,2363221
2018-01-18,104.94,104.94,103.08,103.81,1535601
2018-01-19,104.04,104.16,103.35,104.14,1680375
2018-01-22,104.1,105.31,103.9,105.17,1342030
2018-01-23,105.39,105.83,105.07,105.39,1456977
2018-01-24,105.71,105.96,102.34,103.16,1956088
2018-01-25,103.54,103.85,102.51,102.7,1890571
2018-01-26,103.15,105.41,103.05,105.1,2682833
2018-01-29,104.63,104.95,102.49,102.78,2600102
2018-01-30,101.6,102.23,100.46,100.84,2078990
2018-01-31,101.16,101.5,100.21,100.96,3394445
2018-02-01,100.89,101.54,98.269,99.443,3259212
2018-02-02,99.68,99.68,94.729,95.646,4552330
2018-02-05,94.473,98.17,92.235,93.872,4294674
2018-02-06,91.574,95.636,91.397,95.518,2935426
2018-02-07,95.458,96.691,94.246,94.266,2223132
2018-02-08,94.147,94.173,91.111,91.14,2657839
2018-02-09,91.81,92.807,87.886,91.298,2708842
2018-02-12,92.146,93.438,91.308,92.274,1828291
2018-02-13,91.929,92.965,91.653,92.442,1459488
2018-02-14,92.077,92.491,90.056,92.018,4149633
2018-02-15,92.659,93.073,90.332,91.466,2677245
2018-02-16,91.178,92.305,90.353,91.386,2239425
2018-02-20,91.346,91.967,89.667,90.393,2971891
2018-02-21,90.462,90.929,88.972,88.992,2258582
2018-02-22,89.509,90.601,89.002,89.538,2737329
2018-02-23,89.995,91.257,89.518,91.227,2932303
2018-02-26,92.012,92.618,91.356,91.913,3359365
2018-02-27,92.161,93.135,91.495,91.515,3204153
2018-02-28,92.34,92.429,89.747,89.777,3255181
2018-03-01,89.946,91.317,88.912,90.273,3454543
2018-03-02,89.479,91.038,89.201,90.77,1916369
2018-03-05,90.423,92.608,90.075,92.449,2972844
2018-03-06,92.936,93.691,92.141,93.313,2070051
2018-03-07,92.419,94.416,92.409,93.602,1803205
2018-03-08,93.611,94.605,92.936,94.565,2115155
2018-03-09,95.37,95.658,94.804,95.28,1788098
2018-03-12,95.082,95.618,94.267,94.366,1319303
2018-03-13,94.486,95.489,93.492,93.929,1746938
2018-03-14,94.217,94.684,93.393,93.592,1618394
2018-03-15,94.019,94.555,92.638,93.84,2713737
2018-03-16,93.989,95.39,93.959,95.161,3214521
2018-03-19,94.515,94.823,93.274,93.78,1790184
2018-03-20,94.058,95.27,93.959,94.476,2025109
2018-03-21,94.714,96.343,94.575,95.519,1633983
2018-03-22,94.605,95.588,93.88,94.078,1410789
2018-03-23,94.496,95.539,92.469,92.777,1755085
2018-03-26,94.108,95.479,93.373,95.37,1629546
2018-03-27,95.698,96.651,94.506,95.082,1543380
2018-03-28,95.141,95.94,93.592,93.711,2415134
2018-03-29,94.307,95.862,94.247,95.29,1563311
2018-04-02,95.201,95.578,92.767,94.327,1688726
2018-04-03,94.774,95.672,94.158,95.549,1521040
2018-04-04,94.366,95.598,92.072,95.36,2508614
2018-04-05,96.115,97.615,95.628,97.128,1869070
2018-04-06,96.82,97.247,95.29,96.333,2613498
2018-04-09,96.691,98.042,96.363,97.098,1405170
2018-04-10,98.459,100.2,98.221,99.59,1843718
2018-04-11,99.294,102.24,99.294,101.88,2262351
2018-04-12,102.11,102.6,101.23,101.96,2052126
2018-04-13,102.6,103.51,102.04,103.06,1506441
2018-04-16,103.59,106.54,103.49,106.12,2156163
2018-04-17,106.64,107.58,105.74,107.15,2101063
2018-04-18,107.63,109.37,107.6,108.18,2504827
2018-04-19,108.34,110.12,107.49,109.91,3095608
2018-04-20,109.69,110.58,109.01,110.26,3176260
2018-04-23,110.25,110.74,109.07,110.72,1971539
2018-04-24,111.22,112.53,108.1,108.51,3113306
2018-04-25,107.86,109.32,106.81,109.07,2056837
2018-04-26,109.52,112.15,108.8,111.78,2838140
2018-04-27,110.03,111.23,108.98,110.61,2076427
2018-04-30,111.15,112.58,110.46,110.58,3332143
2018-05-01,110.94,111.25,109.61,111.12,3808498
2018-05-02,110.71,114.71,110.62,113.77,3475553
2018-05-03,113.35,114.85,112.19,114.83,3116926
2018-05-04,114.94,115.04,113.69,114.85,2543115
2018-05-07,115.19,117.22,114.56,114.65,2648888
2018-05-08,114.64,115.6,112.94,115.49,3077034
2018-05-09,116.23,117.81,115.79,116.73,3168864
2018-05-10,117.37,117.61,116.41,117.19,1982595
2018-05-11,117.35,117.68,116.6,116.99,1863614
2018-05-14,117.47,118.38,117.1,117.51,2370787
2018-05-15,117.23,117.94,116.71,117.54,1934433
2018-05-16,117.15,117.47,115.38,117.38,2047756
2018-05-17,117.99,121.58,117.47,121.07,3595388
2018-05-18,121.17,121.335,119.63,120.33,3430981
2018-05-21,121,121.6,120.34,121.44,2064986
2018-05-22,121.47,121.71,117.77,118.75,2780617
2018-05-23,117.99,119.44,117.31,118.95,2507656
2018-05-24,118,119.75,117.385,118.82,1630805
2018-05-25,116.96,117.31,114.4,115.6,1941711
