Date,Open,High,Low,Close,Volume
2015-05-28,40.097,40.314,39.961999999999996,40.215,11068743
2015-05-29,40.132,40.330999999999996,39.996,40.152,10152669
2015-06-01,40.26,40.448,40.079,40.205,9796520
2015-06-02,39.809,40.025,39.394,39.672,13466050
2015-06-03,39.544000000000004,39.681,38.87,39.088,25893162
2015-06-04,39.05,39.302,38.96,39.031,14741564
2015-06-05,38.527,38.708,38.391,38.545,17643037
2015-06-08,38.580999999999996,38.580999999999996,38.293,38.32,8775248
2015-06-09,38.312,38.463,38.229,38.229,11380625
2015-06-10,38.571,38.708,38.41,38.419000000000004,12292401
2015-06-11,38.806999999999995,38.806999999999995,38.562,38.725,9949261
2015-06-12,38.562,38.69,38.374,38.381,9560160
2015-06-15,38.274,38.501,38.156,38.32,11167558
2015-06-16,38.246,38.501,38.084,38.501,8907249
2015-06-17,38.518,38.888000000000005,38.400999999999996,38.825,20273307
2015-06-18,38.879,39.437,38.87,39.338,22961098
2015-06-19,39.413000000000004,39.44,38.941,38.959,14690741
2015-06-22,39.022,39.113,38.814,38.904,11284128
2015-06-23,38.758,38.839,38.321,38.375,17877567
2015-06-24,38.422,38.504,38.058,38.075,13432482
2015-06-25,38.187,38.195,37.813,37.821,12836522
2015-06-26,37.765,38.113,37.611,38.048,9633213
2015-06-29,37.985,38.476,37.821,37.847,17761699
2015-06-30,38.038000000000004,38.068000000000005,37.666,37.746,12201174
2015-07-01,37.795,37.985,37.694,37.975,12358195
2015-07-02,38.231,38.556999999999995,38.147,38.449,10517050
2015-07-06,38.394,38.704,38.257,38.605,15374676
2015-07-07,38.731,39.716,38.731,39.559,28686782
2015-07-08,39.422,39.668,39.277,39.35,17020758
2015-07-09,39.469,39.559,38.786,38.914,17107638
2015-07-10,38.931,39.405,38.804,39.123000000000005,13625022
2015-07-13,39.241,39.396,38.904,39.141,9428920
2015-07-14,39.093,39.36,38.968,39.088,7492032
2015-07-15,39.04,39.286,38.876999999999995,39.277,10874444
2015-07-16,39.277,39.923,39.222,39.861,13830960
2015-07-17,39.759,39.914,39.45,39.469,11524005
2015-07-20,39.304,39.486999999999995,39.068000000000005,39.27,10777464
2015-07-21,39.195,39.286,38.75,38.914,11296101
2015-07-22,38.895,39.286,38.876999999999995,39.088,9063615
2015-07-23,39.05,39.078,38.313,38.504,15318773
2015-07-24,38.522,38.676,38.404,38.54,9433646
2015-07-27,38.54,39.203,38.431999999999995,39.031,13128240
2015-07-28,39.031,39.251,38.885999999999996,39.213,9602350
2015-07-29,39.213,39.396,38.922,39.36,14828362
2015-07-30,39.321999999999996,39.777,39.15,39.649,12428050
2015-07-31,40.015,40.369,39.97,40.051,13239503
2015-08-03,40.107,40.488,40.061,40.260999999999996,14495178
2015-08-04,40.161,40.216,39.531,39.616,13216877
2015-08-05,39.769,39.996,39.597,39.716,12253635
2015-08-06,39.815,39.961,39.36,39.923,18830948
2015-08-07,39.887,40.588,39.677,40.417,23244397
2015-08-10,40.424,40.616,40.169000000000004,40.251999999999995,13278386
2015-08-11,40.408,40.760999999999996,40.153,40.452,16609441
2015-08-12,40.408,41.244,40.315,41.172,25766736
2015-08-13,41.00899999999999,41.301,40.696999999999996,41.181000000000004,11838900
2015-08-14,41.016000000000005,41.518,40.925,41.49100000000001,11350578
2015-08-17,41.626000000000005,41.873000000000005,41.419,41.69,10060467
2015-08-18,41.553999999999995,41.663000000000004,41.419,41.59,12895942
2015-08-19,41.49100000000001,41.891000000000005,41.271,41.763999999999996,10154706
2015-08-20,41.59,42.00899999999999,41.372,41.518,14032286
2015-08-21,41.381,41.56100000000001,40.989,41.016000000000005,20591026
2015-08-24,40.205999999999996,40.579,39.286,39.478,38552254
2015-08-25,39.97,40.224000000000004,38.231,38.266,31448449
2015-08-26,38.531,39.04,38.211999999999996,38.95,24178532
2015-08-27,39.169000000000004,39.422,38.868,39.405,18721649
2015-08-28,39.35,39.469,38.75,39.286,10632704
2015-08-31,39.231,39.231,38.339,38.658,13266193
2015-09-01,38.239000000000004,38.313,37.402,37.611,21314612
2015-09-02,37.874,37.994,37.321,37.638000000000005,10018732
2015-09-03,37.558,38.003,37.558,37.813,9429361
2015-09-04,37.510999999999996,37.593,37.146,37.294000000000004,14750272
2015-09-08,37.638000000000005,38.084,37.602,38.084,12308991
2015-09-09,38.177,38.286,37.539,37.611,12677592
2015-09-10,37.593,37.922,37.439,37.548,7431836
2015-09-11,37.501,37.847,37.33,37.83,8213277
2015-09-14,37.966,38.177,37.838,37.922,9195855
2015-09-15,37.966,38.211999999999996,37.73,38.121,7226090
2015-09-16,38.231,38.623000000000005,38.104,38.504,9467474
2015-09-17,38.394,39.531,38.394,39.031,24957708
2015-09-18,38.867,39.264,38.721,38.808,10883662
2015-09-21,38.784,39.171,38.784,38.968,9543238
2015-09-22,38.793,38.959,38.372,38.481,11938407
2015-09-23,38.491,38.673,38.352,38.580999999999996,5730371
2015-09-24,38.571999999999996,38.968,38.444,38.894,12323528
2015-09-25,38.968,39.656,38.784,39.273,10342099
2015-09-28,39.273,39.513000000000005,39.005,39.079,10344220
2015-09-29,39.152,39.316,38.931,39.088,9445965
2015-09-30,39.171,39.832,39.161,39.785,10486704
2015-10-01,39.876999999999995,39.933,39.023,39.316,17023825
2015-10-02,39.613,39.841,39.254,39.841,14360665
2015-10-05,39.951,40.421,39.805,40.356,13068999
2015-10-06,40.273,40.393,39.832,40.080999999999996,12536626
2015-10-07,40.125,40.209,39.876999999999995,39.942,10367578
2015-10-08,39.914,40.503,39.795,40.438,11457697
2015-10-09,40.429,40.466,40.117,40.245,14410718
2015-10-12,40.393,40.842,40.255,40.604,8152933
2015-10-13,40.567,40.742,40.429,40.513000000000005,10416524
2015-10-14,40.695,40.798,40.446999999999996,40.503,8536340
2015-10-15,40.678000000000004,41.174,40.466,41.1,9013677
2015-10-16,41.138000000000005,41.413999999999994,41.027,41.156000000000006,10237209
2015-10-19,41.118,41.201,40.77,41.184,11115980
2015-10-20,41.055,41.496,41.027,41.32,10622821
2015-10-21,41.43899999999999,41.661,41.21,41.238,9151750
2015-10-22,41.413999999999994,41.835,41.266000000000005,41.715,14264589
2015-10-23,41.68,41.696999999999996,40.953,40.981,13693462
2015-10-26,41.071999999999996,41.1,40.513000000000005,40.833,12092260
2015-10-27,40.798,40.889,40.558,40.687,9244455
2015-10-28,40.695,40.852,39.805,40.255,18955366
2015-10-29,40.052,40.181,39.493,40.025,17724432
2015-10-30,40.071,40.365,39.923,40.209,12655988
2015-11-02,40.181,40.336999999999996,39.942,40.255,18972393
2015-11-03,40.108000000000004,40.421,39.996,40.373000000000005,13528201
2015-11-04,40.328,40.705,40.328,40.585,11662950
2015-11-05,40.503,40.622,40.236999999999995,40.236999999999995,14974882
2015-11-06,39.584,39.675,38.5,38.83,35208837
2015-11-09,38.655,39.115,38.571999999999996,38.931,14507557
2015-11-10,38.95,39.400999999999996,38.876,39.28,9253485
2015-11-11,39.393,39.694,39.308,39.623000000000005,11939820
2015-11-12,39.52,39.897,39.216,39.244,9618098
2015-11-13,39.29,39.565,38.977,39.095,10354393
2015-11-16,39.171,39.766999999999996,39.032,39.758,9983691
2015-11-17,39.74,39.98,38.931,39.041,14682410
2015-11-18,39.069,39.373000000000005,38.721,39.29,16824273
2015-11-19,39.383,39.795,39.345,39.714,13453760
2015-11-20,39.775999999999996,40.163000000000004,39.704,39.876999999999995,13622520
2015-11-23,39.923,39.971,39.445,39.513000000000005,12944652
2015-11-24,39.335,39.503,39.143,39.454,9565871
2015-11-25,39.445,39.445,39.069,39.216,8354415
2015-11-27,39.326,39.474000000000004,39.234,39.29,4330841
2015-11-30,39.335,39.639,39.273,39.354,12374613
2015-12-01,39.445,39.75,39.29,39.665,13656950
2015-12-02,39.513000000000005,39.613,38.774,38.784,13672739
2015-12-03,38.721,38.73,38.361999999999995,38.491,16189624
2015-12-04,38.629,39.088,38.508,39.032,11926763
2015-12-07,38.941,39.225,38.756,39.205999999999996,14705368
2015-12-08,39.051,39.205999999999996,38.838,39.152,11575041
2015-12-09,38.977,39.574,38.848,39.161,11616011
2015-12-10,39.105,39.181,38.481,38.518,10536429
2015-12-11,38.427,38.721,38.14,38.408,15616733
2015-12-14,38.555,38.61,38.149,38.601,17848638
2015-12-15,38.655,39.143,38.637,38.904,11001359
2015-12-16,39.051,39.951,38.931,39.887,19912213
2015-12-17,39.961,40.19,39.665,39.971,14320734
2015-12-18,39.919000000000004,39.966,39.167,39.474000000000004,18050584
2015-12-21,39.565,39.725,39.241,39.444,9726288
2015-12-22,39.556,39.881,39.195,39.779,8750937
2015-12-23,39.845,40.485,39.788000000000004,40.393,9241780
2015-12-24,40.253,40.485,40.253,40.365,2924732
2015-12-28,40.122,40.49,40.122,40.438,5423934
2015-12-29,40.634,40.801,40.56,40.663000000000004,9933517
2015-12-30,40.689,40.801,40.541,40.625,8433953
2015-12-31,40.56,40.672,39.826,40.189,11234168
2016-01-04,39.955999999999996,40.115,39.623000000000005,40.106,15970387
2016-01-05,40.086999999999996,40.495,39.516,40.393,11756147
2016-01-06,40.152,40.485,39.993,40.317,13697196
2016-01-07,39.881,40.253,39.806999999999995,40.049,13217776
2016-01-08,40.077,40.356,39.955999999999996,40.03,12579389
2016-01-11,40.058,40.424,40.04,40.244,17650429
2016-01-12,40.272,40.393,39.77,40.086999999999996,15464862
2016-01-13,40.235,40.408,39.946,40.067,18812226
2016-01-14,40.058,40.9,39.928000000000004,40.681,24858173
2016-01-15,40.263000000000005,40.56,39.826,40.31,20355546
2016-01-19,40.523,41.023999999999994,40.365,40.913000000000004,19260450
2016-01-20,40.746,40.81,39.417,39.993,21415975
2016-01-21,40.115,40.263000000000005,39.605,39.955999999999996,15170682
2016-01-22,40.198,40.698,40.001999999999995,40.672,16207064
2016-01-25,40.653,40.756,40.179,40.321999999999996,14561555
2016-01-26,40.421,41.007,40.421,40.606,12341210
2016-01-27,40.533,40.997,40.356,40.698,14788510
2016-01-28,40.644,41.617,40.421,41.348,16761262
2016-01-29,41.618,42.211000000000006,41.618,42.177,19320395
2016-02-01,41.98,42.769,41.953,42.574,31885763
2016-02-02,42.417,42.806000000000004,42.211000000000006,42.761,17176980
2016-02-03,42.909,43.485,42.898999999999994,43.291000000000004,35487046
2016-02-04,43.251000000000005,43.485,42.989,43.104,29725791
2016-02-05,42.853,43.411,42.472,43.243,29492705
2016-02-08,43.15,43.643,42.696000000000005,43.086000000000006,31244104
2016-02-09,42.946000000000005,43.411,42.843999999999994,43.243,24360102
2016-02-10,43.141000000000005,43.43,42.448,43.196999999999996,27914592
2016-02-11,42.928999999999995,43.281000000000006,42.417,42.434,27343066
2016-02-12,42.408,42.648999999999994,41.961000000000006,42.305,22635698
2016-02-16,42.52,42.668,42.129,42.574,15764789
2016-02-17,42.714,42.714,42.211000000000006,42.492,20539158
2016-02-18,42.408,43.336999999999996,42.371,43.188,20337014
2016-02-19,43.001000000000005,43.122,42.621,42.898999999999994,18329487
2016-02-22,43.131,43.401,42.89,43.401,13393498
2016-02-23,43.261,43.537,43.067,43.43899999999999,12695526
2016-02-24,43.43899999999999,43.725,43.247,43.643,18039496
2016-02-25,43.782,44.088,43.653,44.088,13094841
2016-02-26,43.838,43.94,42.863,42.873000000000005,35487229
2016-02-29,42.806000000000004,43.401,42.769,42.992,21684585
2016-03-01,43.215,43.318000000000005,42.51,42.778999999999996,25452411
2016-03-02,42.668,43.02,41.86,43.001000000000005,32539456
2016-03-03,43.067,43.261,42.492,43.261,22910876
2016-03-04,42.983999999999995,43.88399999999999,42.881,43.744,23828745
2016-03-07,43.672,44.081,43.532,43.986999999999995,19915427
2016-03-08,44.071000000000005,44.455,43.833,44.423,17634479
2016-03-09,44.32899999999999,44.766000000000005,44.293,44.626999999999995,15353318
2016-03-10,44.608000000000004,44.812,44.236000000000004,44.663000000000004,20969274
2016-03-11,44.878,44.989,44.617,44.711000000000006,16902890
2016-03-14,44.701,44.85,44.515,44.766000000000005,12626799
2016-03-15,44.721000000000004,44.993,44.663999999999994,44.85,14793779
2016-03-16,44.681999999999995,45.536,44.381,45.536,30011926
2016-03-17,45.361999999999995,45.888999999999996,45.192,45.795,18883043
2016-03-18,45.784,45.924,45.477,45.495,18161391
2016-03-21,45.356,45.672,45.00899999999999,45.448,16828014
2016-03-22,45.391999999999996,45.636,45.243,45.298,12246529
2016-03-23,45.298,45.812,45.093,45.636,16289506
2016-03-24,45.618,45.821999999999996,45.486999999999995,45.758,16112086
2016-03-28,45.832,46.075,45.495,45.589,12019358
2016-03-29,45.73,46.299,45.54600000000001,46.262,18762172
2016-03-30,46.262,46.36600000000001,45.983000000000004,46.148999999999994,15516977
2016-03-31,46.217,46.467,46.04600000000001,46.422,15716555
2016-04-01,46.235,46.663999999999994,46.085,46.599,19097307
2016-04-04,46.608999999999995,46.663999999999994,46.163999999999994,46.402,16339425
2016-04-05,46.299,46.373999999999995,45.495,45.531000000000006,19934338
2016-04-06,45.468,45.541000000000004,45.195,45.477,21692850
2016-04-07,45.41,45.758,45.336000000000006,45.458,16333189
2016-04-08,45.598,45.997,45.551,45.701,17569671
2016-04-11,45.701,45.993,45.468,45.504,11891592
2016-04-12,45.513999999999996,45.879,45.43899999999999,45.821999999999996,14352876
2016-04-13,45.95399999999999,45.95399999999999,45.298,45.541000000000004,14237881
2016-04-14,45.428999999999995,45.646,45.336000000000006,45.486999999999995,12904665
2016-04-15,45.57899999999999,45.842,45.419,45.74,11718264
2016-04-18,45.71,45.915,45.402,45.915,9752803
2016-04-19,45.964,46.056000000000004,45.691,45.993,11211124
2016-04-20,46.027,46.085,44.812,44.841,27842991
2016-04-21,44.672,44.793,43.713,43.886,34266620
2016-04-22,44.026,44.354,43.997,44.297,13157172
2016-04-25,44.108999999999995,44.39,44.083999999999996,44.382,13620925
2016-04-26,44.41,44.635,44.327,44.446999999999996,13919058
2016-04-27,44.57899999999999,45.351000000000006,44.43899999999999,45.093,26251467
2016-04-28,44.7,45.14,44.43899999999999,45.037,21546362
2016-04-29,44.841,45.346000000000004,44.501999999999995,45.298,21567543
2016-05-02,45.327,45.888000000000005,45.272,45.663000000000004,17486642
2016-05-03,45.626999999999995,45.872,45.373999999999995,45.646,16831671
2016-05-04,45.646,46.449,45.504,46.159,18798947
2016-05-05,46.027,46.538999999999994,45.812,45.983000000000004,16888589
2016-05-06,45.758,45.915,45.272,45.681000000000004,21428441
2016-05-09,45.71,46.01,45.618,45.943999999999996,11987708
2016-05-10,45.993,46.159,45.821999999999996,45.993,14171461
2016-05-11,46.001999999999995,46.196999999999996,45.748999999999995,46.148999999999994,13000853
2016-05-12,46.085,46.506,45.915,46.422,18938449
2016-05-13,46.309,46.412,45.983000000000004,46.207,13480036
2016-05-16,46.04600000000001,46.27,45.879,46.262,11850566
2016-05-17,46.114,46.225,45.233999999999995,45.478,18730146
2016-05-18,45.215,45.57,44.476000000000006,44.625,29134731
2016-05-19,44.457,45.083,44.206,45.074,20931786
2016-05-20,45.176,45.233999999999995,44.832,45.176,16232060
2016-05-23,45.168,45.278999999999996,44.72,44.773999999999994,13564553
2016-05-24,44.85,45.276,44.783,45.224,14297034
2016-05-25,44.98,45.233999999999995,44.773999999999994,45.093,15339210
2016-05-26,45.037,45.663000000000004,45.037,45.603,14060572
2016-05-27,45.598,45.766999999999996,45.448,45.701,16145079
2016-05-31,45.608000000000004,46.018,45.598,45.983000000000004,16655319
2016-06-01,45.973,46.159,45.876000000000005,46.105,12058325
2016-06-02,46.066,46.123000000000005,45.663000000000004,46.123000000000005,8234398
2016-06-03,46.731,47.104,46.506,46.871,20008610
2016-06-06,46.871,47.028999999999996,46.589,46.785,11589873
2016-06-07,46.823,47.066,46.656000000000006,46.75,8448721
2016-06-08,46.74,47.066,46.669,47.028999999999996,7231292
2016-06-09,47.058,47.516000000000005,46.992,47.431999999999995,10371125
2016-06-10,47.385,47.628,47.123000000000005,47.31,13800941
2016-06-13,47.385,47.558,47.216,47.255,14055768
2016-06-14,47.273,47.536,47.021,47.507,12406053
2016-06-15,47.488,47.58,47.038000000000004,47.207,11641391
2016-06-16,47.152,47.608999999999995,47.114,47.507,10711496
2016-06-17,47.458999999999996,47.687,47.196000000000005,47.677,20368417
2016-06-20,47.602,47.744,47.141000000000005,47.498999999999995,16898000
2016-06-21,47.528,47.792,47.225,47.56399999999999,9190461
2016-06-22,47.56399999999999,47.641000000000005,47.291000000000004,47.338,8460361
2016-06-23,47.254,47.489,47.151,47.468999999999994,8930035
2016-06-24,47.36600000000001,47.968999999999994,46.961999999999996,47.545,25648130
2016-06-27,47.489,48.262,47.423,48.131,18107755
2016-06-28,48.151,48.339,47.754,48.309,14002846
2016-06-29,48.538000000000004,48.669,48.272,48.442,14857618
2016-06-30,48.659,49.545,48.442,49.489,18418416
2016-07-01,49.761,49.761,48.992,49.498000000000005,18531758
2016-07-05,49.648,49.942,49.498000000000005,49.847,13309332
2016-07-06,49.81,50.007,49.516999999999996,49.97,16012332
2016-07-07,49.8,49.83,48.95,49.04600000000001,23832623
2016-07-08,48.621,49.583,48.518,49.55,17061684
2016-07-11,49.403999999999996,49.555,48.942,49.516999999999996,15293274
2016-07-12,49.188,49.38399999999999,48.81,48.838,19078249
2016-07-13,49.04600000000001,49.225,48.933,49.225,15484512
2016-07-14,48.733999999999995,49.13,48.678000000000004,48.903,18406830
2016-07-15,48.847,49.168,48.81,49.04600000000001,13721750
2016-07-18,49.103,49.338,49.093,49.188,11840793
2016-07-19,49.138999999999996,49.243,48.876000000000005,49.103,11324579
2016-07-20,49.036,49.148,48.744,48.818999999999996,12298345
2016-07-21,48.601000000000006,49.146,48.547,49.111999999999995,14053510
2016-07-22,48.989,49.81,48.942,49.761,14016774
2016-07-25,49.696999999999996,49.743,49.375,49.678000000000004,7571577
2016-07-26,49.696999999999996,49.735,49.103,49.243,13255331
2016-07-27,49.13,49.188,48.253,48.678000000000004,23916887
2016-07-28,48.65,48.95,48.538000000000004,48.86600000000001,9507365
2016-07-29,48.876000000000005,49.32,48.791000000000004,49.158,16396554
2016-08-01,49.036,49.301,49.008,49.188,12360160
2016-08-02,48.933,49.055,48.641000000000005,48.886,14521553
2016-08-03,48.86600000000001,48.95,48.424,48.573,12092407
2016-08-04,48.631,48.913000000000004,48.41,48.556000000000004,13011284
2016-08-05,48.272,48.375,47.818999999999996,47.847,28575103
2016-08-08,47.82899999999999,48.262,47.701,47.82899999999999,14341051
2016-08-09,47.896,48.073,47.696000000000005,47.818999999999996,10702267
2016-08-10,47.933,48.048,47.705,47.82899999999999,9002328
2016-08-11,47.818999999999996,47.968999999999994,47.677,47.942,10052641
2016-08-12,48.111999999999995,48.356,47.998999999999995,47.998999999999995,12893926
2016-08-15,48.00899999999999,48.177,47.273,47.273,13395336
2016-08-16,47.159,47.188,46.716,46.716,21384990
2016-08-17,46.66,47.504,46.3,47.406000000000006,30170436
2016-08-18,47.406000000000006,47.998999999999995,47.318999999999996,47.998999999999995,14784044
2016-08-19,47.668,47.86600000000001,47.159,47.413000000000004,15530766
2016-08-22,47.489,47.744,47.396,47.538000000000004,9650056
2016-08-23,47.611999999999995,47.836999999999996,47.301,47.32899999999999,10155742
2016-08-24,47.254,47.386,46.942,47.31,8533055
2016-08-25,47.263000000000005,47.498999999999995,47.254,47.338,7657879
2016-08-26,47.36600000000001,47.687,46.32,46.358000000000004,22170752
2016-08-29,46.498999999999995,46.849,46.451,46.735,13799793
2016-08-30,46.696000000000005,46.923,46.187,46.245,12940468
2016-08-31,46.196999999999996,46.451,46.093999999999994,46.424,12185789
2016-09-01,46.31,46.468,46.138999999999996,46.217,16916622
2016-09-02,46.368,46.858000000000004,46.271,46.809,17251132
2016-09-06,47.056000000000004,47.376000000000005,46.923,47.318999999999996,16178249
2016-09-07,47.347,47.433,47.056000000000004,47.32899999999999,12182393
2016-09-08,47.008,47.54600000000001,47.008,47.489,13600803
2016-09-09,47.018,47.074,45.691,45.726000000000006,27056614
2016-09-12,45.631,46.613,45.631,46.518,26965776
2016-09-13,46.368,46.424,45.668,45.876999999999995,23639887
2016-09-14,46.045,46.424,45.849,46.055,16127144
2016-09-15,46.00899999999999,46.49,45.894,46.403999999999996,32800354
2016-09-16,46.467,46.924,46.126999999999995,46.858000000000004,22116176
2016-09-19,47.01,47.342,46.896,47.323,13171894
2016-09-20,47.515,47.589,47.208999999999996,47.238,13517163
2016-09-21,47.323,48.236999999999995,47.228,48.198,20390768
2016-09-22,48.588,48.597,48.143,48.493,12621309
2016-09-23,48.351000000000006,48.588,48.123000000000005,48.455,11562272
2016-09-26,48.455,48.533,48.17100000000001,48.332,8465733
2016-09-27,48.493,48.731,47.658,47.703,18858427
2016-09-28,47.732,47.885,47.228,47.638000000000005,17457619
2016-09-29,47.534,47.552,46.685,46.924,20234181
2016-09-30,46.963,47.303999999999995,46.364,46.601000000000006,15362921
2016-10-03,46.62,46.62,45.668,45.943999999999996,20492136
2016-10-04,45.915,45.95399999999999,44.708,44.983000000000004,26955619
2016-10-05,45.088,45.44,44.718,44.888000000000005,29601094
2016-10-06,44.736999999999995,45.108000000000004,44.508,44.879,21217239
2016-10-07,45.192,45.621,44.803000000000004,44.821999999999996,18064169
2016-10-10,44.851000000000006,45.232,44.851000000000006,45.192,10273382
2016-10-11,45.165,45.165,44.603,44.68,15082476
2016-10-12,44.708,45.202,44.632,45.117,16181204
2016-10-13,45.192,45.973,45.098,45.677,32107819
2016-10-14,45.44,45.878,45.356,45.42,18791574
2016-10-17,45.56399999999999,45.782,45.506,45.668,12006260
2016-10-18,45.87,46.153,45.47,46.058,15517791
2016-10-19,46.028999999999996,46.097,45.74100000000001,45.95399999999999,8908354
2016-10-20,46.038999999999994,46.281000000000006,45.84,45.924,9368775
2016-10-21,45.726000000000006,45.896,45.46,45.659,17866429
2016-10-24,45.86,45.998000000000005,45.553999999999995,45.83,11265936
2016-10-25,45.772,46.117,45.716,46.117,10392770
2016-10-26,45.993,46.286,45.763999999999996,46.231,11370746
2016-10-27,45.964,46.143,45.63,45.95399999999999,16352477
2016-10-28,45.924,46.315,45.85,46.097,17308018
2016-10-31,46.211000000000006,47.295,46.086999999999996,47.02,23879489
2016-11-01,46.886,46.981,46.038999999999994,46.163000000000004,25392375
2016-11-02,45.943999999999996,46.068000000000005,45.196999999999996,45.583,27850056
2016-11-03,45.47,45.934,45.308,45.755,12426582
2016-11-04,45.934,46.372,45.583,45.611999999999995,15303237
2016-11-07,45.801,46.42,45.365,46.41,18637042
2016-11-08,46.467,46.953,46.391000000000005,46.771,19469520
2016-11-09,45.95399999999999,45.993,44.975,45.05,45002331
2016-11-10,44.812,44.86,43.385,43.966,55737708
2016-11-11,43.871,44.38,43.613,43.785,32538255
2016-11-14,43.453,43.851000000000006,43.114,43.756,29636230
2016-11-15,44.001999999999995,44.566,43.985,44.461000000000006,26483476
2016-11-16,44.566,44.68,43.86600000000001,44.156000000000006,17679287
2016-11-17,43.948,44.401,43.948,44.166000000000004,20133089
2016-11-18,44.288999999999994,44.383,43.843,44.032,11244688
2016-11-21,44.156000000000006,44.508,44.089,44.498000000000005,12928101
2016-11-22,44.516999999999996,44.733999999999995,44.288999999999994,44.67,11187768
2016-11-23,44.042,44.632,44.042,44.222,14875936
2016-11-25,44.288999999999994,45.012,44.288999999999994,44.86,8269532
2016-11-28,44.992,45.83,44.983000000000004,45.726000000000006,24629940
2016-11-29,45.611999999999995,46.13399999999999,45.534,45.915,15175060
2016-11-30,45.24100000000001,45.346000000000004,44.47,44.47,24652635
2016-12-01,44.099,44.299,43.798,44.117,19388043
2016-12-02,44.375,44.83,44.222,44.516999999999996,17240254
2016-12-05,44.327,44.583999999999996,43.918,44.575,15651667
2016-12-06,44.556000000000004,44.736999999999995,44.383,44.488,8848216
2016-12-07,44.65,45.068999999999996,44.603,45.068999999999996,13562885
2016-12-08,44.783,45.227,44.461000000000006,45.146,15133370
2016-12-09,45.108000000000004,45.64,45.108000000000004,45.621,16839202
2016-12-12,45.43,46.143,45.42,46.097,23100062
2016-12-13,46.325,46.611000000000004,46.153,46.571000000000005,21246446
2016-12-14,46.78,47.028,45.553999999999995,45.611999999999995,29798499
2016-12-15,45.516000000000005,45.978,45.275,45.934,18735327
2016-12-16,46.052,46.658,45.946999999999996,46.495,20947185
2016-12-19,46.773,46.792,46.263999999999996,46.667,12129883
2016-12-20,46.533,46.86,46.476000000000006,46.726000000000006,9019976
2016-12-21,46.735,46.956,46.523,46.533,8791488
2016-12-22,46.505,46.782,46.418,46.696000000000005,7772735
2016-12-23,46.755,46.87,46.533,46.68600000000001,8098913
2016-12-27,46.505,46.841,46.456,46.726000000000006,13675370
2016-12-28,46.755,46.782,46.217,46.283,9193034
2016-12-29,46.466,46.98,46.351000000000006,46.907,15270954
2016-12-30,46.994,47.013999999999996,46.505,46.648,14605559
2017-01-03,46.581,46.706,46.236000000000004,46.533,19658287
2017-01-04,46.601000000000006,46.946000000000005,46.515,46.706,15149844
2017-01-05,46.81100000000001,46.831,46.255,46.755,16978070
2017-01-06,46.523,46.983999999999995,46.437,46.898999999999994,11410404
2017-01-09,47.071000000000005,47.071000000000005,46.273,46.283,14402902
2017-01-10,46.273,46.293,45.957,46.138000000000005,11686479
2017-01-11,46.131,46.667,46.122,46.62,13944568
2017-01-12,46.648,46.735,46.38,46.658,9788861
2017-01-13,46.56100000000001,46.726000000000006,46.293,46.591,12674725
2017-01-17,46.745,47.254,46.701,47.099,15957256
2017-01-18,46.966,47.273999999999994,46.966,47.042,13775897
2017-01-19,46.773,47.042,46.515,46.63,14362168
2017-01-20,46.696000000000005,46.851000000000006,46.418,46.716,12359612
2017-01-23,46.782,46.888999999999996,46.427,46.476000000000006,11062975
2017-01-24,46.466,46.667,46.38,46.466,11504575
2017-01-25,46.255,46.515,46.208,46.466,20014987
2017-01-26,46.446999999999996,46.706,46.273,46.486000000000004,11961342
2017-01-27,46.571000000000005,46.716,46.38,46.476000000000006,7526348
2017-01-30,46.495,46.667,46.236000000000004,46.515,9703711
2017-01-31,46.553000000000004,47.273999999999994,46.505,47.233999999999995,16571036
2017-02-01,46.983999999999995,47.004,46.283,46.418,25375886
2017-02-02,46.56100000000001,46.907,46.283,46.907,16297156
2017-02-03,47.042,47.157,46.861999999999995,46.966,11803607
2017-02-06,47.148999999999994,47.177,46.821000000000005,46.87,7324924
2017-02-07,46.946000000000005,47.062,46.821000000000005,46.983999999999995,6360767
2017-02-08,47.099,47.533,47.013999999999996,47.446000000000005,16532433
2017-02-09,47.398999999999994,47.513999999999996,46.927,47.042,15093030
2017-02-10,46.917,47.403999999999996,46.907,47.339,9851949
2017-02-13,47.379,47.619,47.214,47.571000000000005,13563175
2017-02-14,47.504,47.523,46.975,47.224,19551337
2017-02-15,46.888999999999996,47.125,46.726000000000006,47.108999999999995,19696570
2017-02-16,47.119,47.599,47.119,47.57899999999999,14559274
2017-02-17,47.70399999999999,47.753,47.339,47.608999999999995,10384277
2017-02-21,47.541000000000004,48.214,47.379,48.108000000000004,11823901
2017-02-22,48.108000000000004,48.407,47.918,48.309,16678449
2017-02-23,48.522,48.982,48.417,48.81,15610294
2017-02-24,48.973,49.549,48.973,49.549,19394753
2017-02-27,49.453,49.49100000000001,49.203,49.27,14558559
2017-02-28,49.26,49.847,49.175,49.722,15003060
2017-03-01,49.011,49.64,48.963,49.28,30320045
2017-03-02,49.108000000000004,49.943999999999996,49.04,49.635,18086347
2017-03-03,49.635,49.659,49.068999999999996,49.482,18278464
2017-03-06,49.395,49.49100000000001,49.213,49.385,7928126
2017-03-07,49.328,49.54,49.29,49.357,18690696
2017-03-08,48.935,48.982,48.552,48.647,19144595
2017-03-09,48.762,48.935,48.501999999999995,48.541000000000004,13371019
2017-03-10,48.8,49.04,48.637,48.943999999999996,11965151
2017-03-13,48.905,49.11600000000001,48.848,49.088,14637039
2017-03-14,49.03,49.175,48.876999999999995,49.04,12148789
2017-03-15,49.213,50.078,49.11600000000001,49.82899999999999,23550861
2017-03-16,49.732,49.732,49.185,49.28,19499785
2017-03-17,49.452,49.858999999999995,49.393,49.578,15632833
2017-03-20,49.693999999999996,49.79,49.113,49.248000000000005,7384981
2017-03-21,49.277,50.129,49.248000000000005,49.946000000000005,26264360
2017-03-22,50.148,50.545,49.983000000000004,50.187,26094527
2017-03-23,50.178000000000004,50.486999999999995,49.896,50.032,23317512
2017-03-24,50.062,50.398999999999994,49.93600000000001,50.217,12820395
2017-03-27,50.419,50.525,49.83,50.022,9605193
2017-03-28,50.012,50.071999999999996,49.76,49.983000000000004,8760437
2017-03-29,49.966,50.007,49.635,49.849,7185246
2017-03-30,49.77,49.77,49.327,49.461000000000006,20368267
2017-03-31,49.519,49.896,49.481,49.653999999999996,10322630
2017-04-03,49.653999999999996,49.653999999999996,49.191,49.645,15991695
2017-04-04,49.597,49.983000000000004,49.498999999999995,49.8,10472118
2017-04-05,49.742,50.129,49.635,50.081,13039102
2017-04-06,50.022,50.042,49.76,49.956,9701736
2017-04-07,50.148,50.217,49.70399999999999,49.742,20581894
2017-04-10,49.77,49.886,49.49100000000001,49.83,8767719
2017-04-11,49.858999999999995,49.906000000000006,49.481,49.81,10172367
2017-04-12,49.742,50.207,49.586999999999996,50.178000000000004,10871632
2017-04-13,50.235,50.245,49.79,50.012,11217985
2017-04-17,50.129,50.255,49.993,50.235,7514994
2017-04-18,50.313,50.458999999999996,50.158,50.352,15186912
2017-04-19,50.293,50.313,49.825,50.001999999999995,12900414
2017-04-20,49.946000000000005,49.946000000000005,49.452,49.81,13919383
2017-04-21,49.742,50.273999999999994,49.742,50.062,13701039
2017-04-24,50.108999999999995,50.381,49.77,50.323,18710255
2017-04-25,50.178000000000004,50.333,49.974,50.255,11254668
2017-04-26,50.245,50.478,50.052,50.1,9900787
2017-04-27,50.081,50.515,50.042,50.273999999999994,9773515
2017-04-28,50.207,50.273999999999994,49.876000000000005,50.032,9719276
2017-05-01,50.148,50.148,49.607,49.733000000000004,11048940
2017-05-02,49.79,49.974,49.586999999999996,49.79,9708848
2017-05-03,49.858999999999995,49.916000000000004,49.586999999999996,49.617,10857452
2017-05-04,49.471000000000004,49.849,49.461000000000006,49.79,14507053
2017-05-05,49.93600000000001,50.245,49.886,50.062,11144809
2017-05-08,50.1,50.158,49.79,50.042,9082715
2017-05-09,50.001999999999995,50.042,49.586999999999996,49.674,8017552
2017-05-10,49.714,49.858999999999995,49.481,49.751000000000005,8714945
2017-05-11,49.625,49.82,49.423,49.82,7955795
2017-05-12,49.93600000000001,50.168,49.867,50.062,7773844
2017-05-15,50.071999999999996,50.361000000000004,50.012,50.273999999999994,6556305
2017-05-16,50.196999999999996,50.342,49.849,49.906000000000006,7905178
2017-05-17,50.032,50.263999999999996,49.81,50.032,15468834
2017-05-18,50.138000000000005,50.463,49.775,50.207,17438514
2017-05-19,50.196999999999996,50.398999999999994,49.916000000000004,50.398999999999994,10223953
2017-05-22,50.323,50.913000000000004,50.293,50.835,8035790
2017-05-23,50.923,51.271,50.835,50.971000000000004,15788788
2017-05-24,51.02,51.349,50.971000000000004,51.261,7855755
2017-05-25,51.368,51.765,51.238,51.676,17336525
2017-05-26,51.706,51.792,51.58,51.676,7891287
2017-05-30,51.716,51.968,51.574,51.842,6502034
2017-05-31,51.9,52.287,51.842,52.103,13035223
2017-06-01,51.968,52.481,51.909,52.471000000000004,11453869
2017-06-02,52.867,52.867,52.375,52.528999999999996,10279797
2017-06-05,52.528999999999996,52.577,52.287,52.365,7585810
2017-06-06,52.481,52.481,52.18,52.248999999999995,7751145
2017-06-07,52.248999999999995,52.543,52.161,52.422,8144043
2017-06-08,52.315,52.355,51.667,51.988,13726429
2017-06-09,51.821999999999996,51.978,51.566,51.938,14375339
2017-06-12,52.007,52.218999999999994,51.551,51.842,13227556
2017-06-13,51.784,52.008,51.659,51.968,9212045
2017-06-14,52.297,52.528999999999996,52.083999999999996,52.248999999999995,16351577
2017-06-15,52.103,52.602,52.103,52.548,16067615
2017-06-16,52.701,52.897,52.604,52.788999999999994,18128349
2017-06-19,52.838,52.867,52.428000000000004,52.614,18255082
2017-06-20,52.672,52.711000000000006,52.545,52.643,7778373
2017-06-21,52.63399999999999,52.721000000000004,52.056999999999995,52.33,10328694
2017-06-22,52.253,52.443999999999996,52.047,52.086999999999996,8129606
2017-06-23,52.097,52.292,51.803000000000004,51.911,8859373
2017-06-26,52.028,52.555,51.843,52.263000000000005,10613963
2017-06-27,52.028,52.174,51.531000000000006,51.676,10733097
2017-06-28,51.833,51.95,51.131,51.178999999999995,9521207
2017-06-29,50.876999999999995,50.945,50.575,50.769,21110962
2017-06-30,50.828,51.102,50.692,50.692,15490870
2017-07-03,50.769,50.906000000000006,50.388999999999996,50.458,13022586
2017-07-05,50.623000000000005,50.623000000000005,50.081,50.214,14335826
2017-07-06,50.008,50.253,50.003,50.193999999999996,14408713
2017-07-07,50.184,50.478,50.135,50.233000000000004,13594828
2017-07-10,50.38,50.492,50.155,50.193999999999996,16706821
2017-07-11,50.272,50.272,49.92100000000001,50.165,9275262
2017-07-12,50.605,50.74,50.506,50.595,12446809
2017-07-13,50.565,50.696999999999996,50.38,50.418,7093884
2017-07-14,50.75,50.887,50.595,50.652,12922531
2017-07-17,50.681999999999995,50.887,50.575,50.887,7852189
2017-07-18,51.004,51.086999999999996,50.867,51.033,8087920
2017-07-19,51.122,51.266999999999996,50.975,51.248000000000005,10935998
2017-07-20,51.38399999999999,51.629,51.257,51.619,8674184
2017-07-21,51.629,51.99,51.453,51.99,9483540
2017-07-24,52.018,52.018,51.423,51.501999999999995,10773375
2017-07-25,51.394,51.54,51.15,51.208999999999996,10825434
2017-07-26,51.199,51.696000000000005,51.122,51.696000000000005,8847177
2017-07-27,51.55,51.823,51.486999999999995,51.823,9817297
2017-07-28,51.746,51.891000000000005,51.501999999999995,51.746,9880150
2017-07-31,51.68600000000001,52.038000000000004,51.608999999999995,51.92,11857146
2017-08-01,51.998999999999995,52.31100000000001,51.95,52.213,11092864
2017-08-02,52.106,52.446999999999996,51.793,52.437,8215608
2017-08-03,52.507,52.701,52.273,52.701,10726522
2017-08-04,52.428000000000004,52.583999999999996,52.184,52.467,17902392
2017-08-07,52.527,52.653,52.39,52.63399999999999,5290593
2017-08-08,52.583999999999996,52.847,52.516999999999996,52.847,7756287
2017-08-09,52.93600000000001,53.071000000000005,52.535,52.574,9054739
2017-08-10,52.497,52.838,52.38,52.74100000000001,9771794
2017-08-11,52.623999999999995,52.733999999999995,52.243,52.428000000000004,9569807
2017-08-14,52.437,52.76,52.428000000000004,52.731,12102863
2017-08-15,52.37,53.062,52.34,53.023999999999994,9811112
2017-08-16,52.93600000000001,53.268,52.93600000000001,53.238,7303122
2017-08-17,53.121,53.297,52.818000000000005,52.857,9176831
2017-08-18,52.681999999999995,53.424,52.681999999999995,53.169,15220301
2017-08-21,53.325,53.452,53.11600000000001,53.365,5796049
2017-08-22,53.394,53.49100000000001,53.208,53.482,8343336
2017-08-23,53.461999999999996,53.678000000000004,53.287,53.658,7222764
2017-08-24,53.628,53.745,53.521,53.618,7192932
2017-08-25,53.745,53.986000000000004,53.613,53.795,8042930
2017-08-28,53.979,53.979,53.638000000000005,53.891999999999996,8042738
2017-08-29,53.979,54.067,53.765,53.775,8128698
2017-08-30,53.745,53.795,53.541000000000004,53.618,5894975
2017-08-31,53.668,53.77,53.589,53.628,10731420
2017-09-01,53.705,53.795,53.306000000000004,53.461999999999996,11550655
2017-09-05,53.56,53.638000000000005,53.297,53.598,9266602
2017-09-06,53.658,53.745,53.258,53.355,11714520
2017-09-07,53.403999999999996,53.813,53.35,53.755,12659202
2017-09-08,53.678000000000004,54.048,53.57899999999999,54.00899999999999,9245529
2017-09-11,53.912,54.536,53.902,54.467,10328675
2017-09-12,54.428999999999995,54.428999999999995,53.268,53.56,19354227
2017-09-13,53.511,53.551,53.253,53.297,10990288
2017-09-14,53.268,53.77,53.111000000000004,53.745,10439719
2017-09-15,53.903,53.981,53.578,53.824,8661642
2017-09-18,53.785,53.824,52.92,53.273999999999994,16075411
2017-09-19,53.361999999999995,53.396,53.081,53.166000000000004,16051502
2017-09-20,53.254,53.369,52.565,52.772,20077529
2017-09-21,52.821000000000005,53.106,52.693000000000005,52.762,10890109
2017-09-22,52.91,52.978,52.32899999999999,52.32899999999999,11420849
2017-09-25,52.409,52.865,52.318999999999996,52.81100000000001,11924977
2017-09-26,52.792,52.898,52.615,52.713,10175372
2017-09-27,52.349,52.556000000000004,51.75,52.005,12554658
2017-09-28,51.818000000000005,52.324,51.68,52.192,14426519
2017-09-29,52.211000000000006,52.364,51.966,52.153,12331232
2017-10-02,52.123000000000005,52.482,52.06399999999999,52.24100000000001,16891358
2017-10-03,52.271,52.281000000000006,51.77,52.093999999999994,9709883
2017-10-04,52.123000000000005,52.63399999999999,51.966,52.615,12348338
2017-10-05,52.595,52.669,52.32899999999999,52.565,12856700
2017-10-06,52.318999999999996,52.54600000000001,52.123000000000005,52.527,10586233
2017-10-09,52.605,52.723,52.527,52.595,7452286
2017-10-10,52.723,53.11600000000001,52.556000000000004,53.106,8459980
2017-10-11,53.048,53.332,53.038000000000004,53.332,15735239
2017-10-12,53.391000000000005,53.745,53.313,53.607,13903487
2017-10-13,53.755,53.843,53.076,53.233999999999995,12931417
2017-10-16,53.214,53.332,52.684,53.11600000000001,11439866
2017-10-17,53.086000000000006,53.538999999999994,52.935,53.431000000000004,9764778
2017-10-18,53.20399999999999,53.43600000000001,53.126000000000005,53.332,8831808
2017-10-19,53.431000000000004,53.893,53.372,53.893,10462871
2017-10-20,53.677,54.04,53.667,53.931999999999995,11423905
2017-10-23,53.922,54.07,53.73,53.961000000000006,10793030
2017-10-24,53.873000000000005,54.07,53.74,54.011,11530531
2017-10-25,53.785,53.883,53.136,53.775,18646621
2017-10-26,54.03,54.31100000000001,53.765,53.785,17615661
2017-10-27,53.725,54.246,53.626999999999995,54.119,10530485
2017-10-30,54.093999999999994,54.236000000000004,53.952,54.128,10230470
2017-10-31,54.089,54.29600000000001,53.952,54.188,9695932
2017-11-01,54.276,54.276,53.788999999999994,53.883,11066353
2017-11-02,53.883,54.306000000000004,53.745,54.08,14980335
2017-11-03,54.011,54.542,53.893,54.276,11832377
2017-11-06,54.343999999999994,54.373999999999995,54.04,54.07,12202884
2017-11-07,54.158,54.797,53.961000000000006,54.718999999999994,11516304
2017-11-08,54.68899999999999,54.9,54.373999999999995,54.758,9749825
2017-11-09,54.6,54.925,54.472,54.827,10936598
2017-11-10,54.532,54.693999999999996,54.38399999999999,54.571000000000005,11226696
2017-11-13,54.63,55.269,54.63,55.22,9991435
2017-11-14,55.063,55.946999999999996,55.043,55.908,12585845
2017-11-15,56.125,56.261,55.367,55.426,12260579
2017-11-16,55.288999999999994,55.416000000000004,55.083,55.248999999999995,11637946
2017-11-17,55.131,55.269,54.817,54.86600000000001,16936835
2017-11-20,54.895,54.96,54.61,54.699,9404824
2017-11-21,54.856,54.998000000000005,54.699,54.847,7889403
2017-11-22,54.806999999999995,54.95,54.635,54.847,5674880
2017-11-24,54.875,55.151,54.847,54.935,5088312
2017-11-27,55.003,55.263999999999996,54.86600000000001,55.17100000000001,7311458
2017-11-28,55.308,55.534,55.191,55.426,9343606
2017-11-29,55.239,55.692,55.043,55.456,15818934
2017-11-30,55.523999999999994,55.76,55.411,55.641999999999996,16158012
2017-12-01,55.83,55.938,55.151,55.456,24489991
2017-12-04,55.486000000000004,55.702,55.048,55.141000000000005,13286737
2017-12-05,55.23,55.23,54.178000000000004,54.443999999999996,20210784
2017-12-06,54.532,54.753,54.354,54.65,9600138
2017-12-07,54.552,54.758,54.316,54.748000000000005,11672667
2017-12-08,54.678999999999995,54.93,54.463,54.925,10146958
2017-12-11,54.875,55.288999999999994,54.718,55.25899999999999,15689711
2017-12-12,55.053000000000004,55.121,54.286,54.316,21909402
2017-12-13,54.463,54.766999999999996,54.306000000000004,54.463,17678441
2017-12-14,54.413999999999994,54.64,53.971000000000004,54.394,13362690
2017-12-15,54.573,54.791000000000004,54.413999999999994,54.593,13732322
2017-12-18,54.641999999999996,54.79600000000001,53.908,53.986999999999995,19555234
2017-12-19,53.986999999999995,54.056999999999995,52.975,53.005,15004034
2017-12-20,52.965,53.153999999999996,52.558,52.588,15834734
2017-12-21,52.221000000000004,52.231,51.755,51.963,20084127
2017-12-22,52.023,52.24100000000001,51.993,52.043,11561793
2017-12-26,52.102,52.261,51.725,51.735,8308261
2017-12-27,51.923,52.052,51.81399999999999,51.953,10688554
2017-12-28,52.052,52.261,51.963,52.24100000000001,4949214
2017-12-29,52.4,52.498999999999995,52.162,52.271,7085168
2018-01-02,52.261,52.33,51.626000000000005,51.785,12365014
2018-01-03,51.596000000000004,51.973,51.199,51.378,20970394
2018-01-04,51.218999999999994,51.556000000000004,50.852,50.951,15076030
2018-01-05,51.13,51.208999999999996,50.673,50.931000000000004,23587626
2018-01-08,51.021,51.446999999999996,50.916000000000004,51.407,14385520
2018-01-09,51.398,51.417,50.821999999999996,50.901,15545670
2018-01-10,50.604,50.683,50.236999999999995,50.346000000000004,15683716
2018-01-11,50.291000000000004,50.523999999999994,49.989,50.157,16663548
2018-01-12,50.008,50.276,49.721000000000004,49.87,18747421
2018-01-16,50.068000000000005,50.207,49.473,49.76,27460037
2018-01-17,49.84,50.207,49.77,50.068000000000005,23614863
2018-01-18,50.068000000000005,50.078,49.492,49.75,21496168
2018-01-19,49.949,50.058,49.542,49.602,18724334
2018-01-22,49.84,50.157,49.592,49.67100000000001,20666187
2018-01-23,49.86,50.5,49.711000000000006,50.147,26881948
2018-01-24,50.068000000000005,50.108000000000004,49.76,49.84,19812517
2018-01-25,49.86,50.653,49.83,50.614,26458662
2018-01-26,50.753,50.901,50.137,50.643,24091405
2018-01-29,50.405,50.495,49.934,49.998999999999995,18162045
2018-01-30,49.958999999999996,50.29600000000001,49.93899999999999,50.088,13181108
2018-01-31,50.147,50.693000000000005,49.873999999999995,50.643,27647245
2018-02-01,50.583999999999996,50.782,49.696000000000005,49.85,28727903
2018-02-02,49.602,49.968999999999994,49.428000000000004,49.492,21974096
2018-02-05,49.413000000000004,49.934,48.59,48.678999999999995,32831230
2018-02-06,48.103,48.361000000000004,47.001999999999995,47.955,41997861
2018-02-07,47.925,48.49,47.706,47.726000000000006,28097427
2018-02-08,47.586999999999996,48.232,47.141000000000005,47.191,26245574
2018-02-09,47.318999999999996,48.545,47.181000000000004,48.183,36707661
2018-02-12,48.282,48.818000000000005,47.845,48.55,26711759
2018-02-13,48.53,48.952,48.023999999999994,48.768,25255803
2018-02-14,48.351000000000006,48.674,48.083999999999996,48.222,20500025
2018-02-15,48.341,49.31399999999999,48.272,49.294,16632696
2018-02-16,49.324,49.85,49.135,49.731,20223449
2018-02-20,49.086000000000006,49.731,49.086000000000006,49.086000000000006,16897824
2018-02-21,49.115,49.443000000000005,48.431000000000004,48.441,22636075
2018-02-22,48.599,49.056000000000004,48.42100000000001,48.68899999999999,20286393
2018-02-23,48.828,50.018,48.768,49.958999999999996,20803942
2018-02-26,50.157,50.247,49.711000000000006,49.81,13711106
2018-02-27,49.85,50.147,48.996,49.016000000000005,18343710
2018-02-28,49.195,49.324,48.678999999999995,48.678999999999995,12039635
2018-03-01,48.778,49.473,48.461000000000006,48.68899999999999,21760697
2018-03-02,48.659,49.145,48.153,48.56,16989084
2018-03-05,48.441,49.661,48.341,49.552,15621953
2018-03-06,49.492,49.602,48.778,48.887,20870143
2018-03-07,48.738,48.946999999999996,48.332,48.52,16809368
2018-03-08,48.629,48.986000000000004,48.55,48.876999999999995,12354763
2018-03-09,48.778,49.026,48.638999999999996,49.016000000000005,13201064
2018-03-12,49.036,49.288000000000004,48.972,49.225,16358916
2018-03-13,49.403,49.631,48.957,49.333999999999996,19020311
2018-03-14,49.483000000000004,50.008,49.453,49.84,19282129
2018-03-15,49.81,50.266000000000005,49.512,49.81,21232798
2018-03-16,49.81,50.375,49.78,50.25,19756272
2018-03-19,50.22,50.39,49.645,49.94,21689754
2018-03-20,49.95,50.1613,49.59,49.71,14968219
2018-03-21,49.75,50.22,49.37,49.54,19235930
2018-03-22,49.59,50.56,49.45,49.76,25332408
2018-03-23,49.76,50.21,48.96,49.06,17334269
2018-03-26,49.22,49.64,49.12,49.57,13759948
2018-03-27,49.64,50.8,49.48,50.28,21455993
2018-03-28,50.34,50.54,49.93,50.26,23173078
2018-03-29,50.41,50.77,50.32,50.53,15465120
2018-04-02,50.62,50.86,49.78,50.14,17792607
2018-04-03,50.05,50.545,49.92,50.31,13798787
2018-04-04,50.3,50.55,49.89,50.42,16357323
2018-04-05,50.41,50.97,49.85,50.82,14286349
2018-04-06,50.89,51.0,50.31,50.42,14312005
2018-04-09,50.46,50.87,50.29,50.52,11756054
2018-04-10,50.53,50.59,50.02,50.13,14114214
2018-04-11,50.11,50.29,49.89,50.06,8024101
2018-04-12,50.07,50.2,49.3,49.4,12078776
2018-04-13,49.49,50.005,49.49,49.79,10437316
2018-04-16,49.9,50.495,49.87,50.47,15397640
2018-04-17,50.59,51.16,50.38,50.98,13194521
2018-04-18,51.04,51.49,50.78,50.79,14120045
2018-04-19,50.61,50.875,50.351000000000006,50.76,15167725
2018-04-20,50.7,50.82,50.14,50.3,14080012
2018-04-23,50.37,50.62,50.14,50.33,11937035
2018-04-24,50.37,50.975,50.285,50.67,16904422
2018-04-25,50.49,50.86,50.3,50.68,13407493
2018-04-26,50.73,51.26,50.5,51.19,11767067
2018-04-27,51.13,51.9,51.03,51.71,17157296
2018-04-30,51.79,51.96,51.51,51.56,12745989
2018-05-01,51.56,51.65,51.31,51.4,10971329
2018-05-02,51.41,51.59,51.1452,51.35,12980587
2018-05-03,51.25,51.52,50.7,51.28,16480129
2018-05-04,51.37,51.74,51.37,51.51,11743383
2018-05-07,51.48,51.585,51.17,51.24,8522029
2018-05-08,51.03,51.12,49.87,49.96,23147880
2018-05-09,49.97,50.06,49.42,49.61,22150453
2018-05-10,50.03,50.32,49.76,50.31,13961716
2018-05-11,50.36,50.515,50.18,50.38,6478906
2018-05-14,50.46,50.55,49.97,50.19,8512777
2018-05-15,49.89,50.12,49.53,49.77,11070733
2018-05-16,49.79,49.86,49.1925,49.38,13541426
2018-05-17,49.39,49.53,48.88,48.98,11276030
2018-05-18,49.12,49.28,48.61,48.99,11810352
2018-05-21,49.05,49.3751,48.83,49.24,10742001
2018-05-22,49.22,49.705,49.22,49.42,11026096
2018-05-23,49.59,49.98,49.465,49.87,13582881
2018-05-24,49.94,50.315,49.77,50.28,12897818
2018-05-25,50.35,50.63,50.245,50.5,13871593
