Date,Open,High,Low,Close,Volume
2018-02-27,49.85,50.147,48.996,49.016000000000005,18343710
2018-02-28,49.195,49.324,48.678999999999995,48.678999999999995,12039635
2018-03-01,48.778,49.473,48.461000000000006,48.68899999999999,21760697
2018-03-02,48.659,49.145,48.153,48.56,16989084
2018-03-05,48.441,49.661,48.341,49.552,15621953
2018-03-06,49.492,49.602,48.778,48.887,20870143
2018-03-07,48.738,48.946999999999996,48.332,48.52,16809368
2018-03-08,48.629,48.986000000000004,48.55,48.876999999999995,12354763
2018-03-09,48.778,49.026,48.638999999999996,49.016000000000005,13201064
2018-03-12,49.036,49.288000000000004,48.972,49.225,16358916
2018-03-13,49.403,49.631,48.957,49.333999999999996,19020311
2018-03-14,49.483000000000004,50.008,49.453,49.84,19282129
2018-03-15,49.81,50.266000000000005,49.512,49.81,21232798
2018-03-16,49.81,50.375,49.78,50.25,19756272
2018-03-19,50.22,50.39,49.645,49.94,21689754
2018-03-20,49.95,50.1613,49.59,49.71,14968219
2018-03-21,49.75,50.22,49.37,49.54,19235930
2018-03-22,49.59,50.56,49.45,49.76,25332408
2018-03-23,49.76,50.21,48.96,49.06,17334269
2018-03-26,49.22,49.64,49.12,49.57,13759948
2018-03-27,49.64,50.8,49.48,50.28,21455993
2018-03-28,50.34,50.54,49.93,50.26,23173078
2018-03-29,50.41,50.77,50.32,50.53,15465120
2018-04-02,50.62,50.86,49.78,50.14,17792607
2018-04-03,50.05,50.545,49.92,50.31,13798787
2018-04-04,50.3,50.55,49.89,50.42,16357323
2018-04-05,50.41,50.97,49.85,50.82,14286349
2018-04-06,50.89,51.0,50.31,50.42,14312005
2018-04-09,50.46,50.87,50.29,50.52,11756054
2018-04-10,50.53,50.59,50.02,50.13,14114214
2018-04-11,50.11,50.29,49.89,50.06,8024101
2018-04-12,50.07,50.2,49.3,49.4,12078776
2018-04-13,49.49,50.005,49.49,49.79,10437316
2018-04-16,49.9,50.495,49.87,50.47,15397640
2018-04-17,50.59,51.16,50.38,50.98,13194521
2018-04-18,51.04,51.49,50.78,50.79,14120045
2018-04-19,50.61,50.875,50.351000000000006,50.76,15167725
2018-04-20,50.7,50.82,50.14,50.3,14080012
2018-04-23,50.37,50.62,50.14,50.33,11937035
2018-04-24,50.37,50.975,50.285,50.67,16904422
2018-04-25,50.49,50.86,50.3,50.68,13407493
2018-04-26,50.73,51.26,50.5,51.19,11767067
2018-04-27,51.13,51.9,51.03,51.71,17157296
2018-04-30,51.79,51.96,51.51,51.56,12745989
2018-05-01,51.56,51.65,51.31,51.4,10971329
2018-05-02,51.41,51.59,51.1452,51.35,12980587
2018-05-03,51.25,51.52,50.7,51.28,16480129
2018-05-04,51.37,51.74,51.37,51.51,11743383
2018-05-07,51.48,51.585,51.17,51.24,8522029
2018-05-08,51.03,51.12,49.87,49.96,23147880
2018-05-09,49.97,50.06,49.42,49.61,22150453
2018-05-10,50.03,50.32,49.76,50.31,13961716
2018-05-11,50.36,50.515,50.18,50.38,6478906
2018-05-14,50.46,50.55,49.97,50.19,8512777
2018-05-15,49.89,50.12,49.53,49.77,11070733
2018-05-16,49.79,49.86,49.1925,49.38,13541426
2018-05-17,49.39,49.53,48.88,48.98,11276030
2018-05-18,49.12,49.28,48.61,48.99,11810352
2018-05-21,49.05,49.3751,48.83,49.24,10742001
2018-05-22,49.22,49.705,49.22,49.42,11026096
2018-05-23,49.59,49.98,49.465,49.87,13582881
2018-05-24,49.94,50.315,49.77,50.28,12897818
2018-05-25,50.35,50.63,50.245,50.5,13871593
