Date,Open,High,Low,Close,Volume
2010-07-23,28.656,29.313,28.528,29.275,254952
2010-07-26,29.657,30.022,29.294,29.93,90807
2010-07-27,30.476,30.476,29.696,29.823,95649
2010-07-28,30.022,30.022,29.476,29.714,167636
2010-07-29,30.476,30.805,30.149,30.605,137739
2010-07-30,30.458,30.531,29.93,30.331,59048
2010-08-02,30.932,31.043,30.642,31.023,55747
2010-08-03,31.023,31.315,30.823,31.059,46962
2010-08-04,31.46,31.46,30.987,31.406,99130
2010-08-05,31.515,31.844,31.406,31.714,78145
2010-08-06,31.844,31.844,31.134,31.444,76471
2010-08-09,32.079,32.079,31.386,31.605,50561
2010-08-10,31.297,31.424,30.932,31.278,97467
2010-08-11,30.386,30.715,29.657,29.748,102911
2010-08-12,29.44,29.93,29.113,29.748,43996
2010-08-13,29.714,29.878,29.495,29.515,86613
2010-08-16,29.531,29.841,29.294,29.696,14646
2010-08-17,30.095,30.805,30.022,30.605,35777
2010-08-18,30.932,30.932,30.551,30.696,13043
2010-08-19,30.751,30.751,29.858,30.149,31265
2010-08-20,29.858,29.896,29.457,29.896,31388
2010-08-23,30.168,30.512,29.767,29.858,21393
2010-08-24,29.331,29.767,29.057,29.22,70035
2010-08-25,29.22,29.22,28.456,29.15,64002
2010-08-26,29.457,29.515,28.967,29.057,22720
2010-08-27,29.515,29.657,28.912,29.657,44358
2010-08-30,29.603,29.696,29.457,29.515,33446
2010-08-31,29.858,29.858,29.202,29.331,19896
2010-09-01,30.041,30.295,29.949,30.259,35054
2010-09-02,30.551,30.823,30.442,30.823,19354
2010-09-03,31.26,31.26,30.952,31.169,20092
2010-09-07,31.825,31.825,30.97,31.315,36382
2010-09-08,31.698,31.861,31.369,31.444,58649
2010-09-09,31.698,31.861,31.499,31.551,33031
2010-09-10,31.698,31.732,31.479,31.643,25870
2010-09-13,32.188,32.516,31.971,32.516,57393
2010-09-14,32.626,32.936,32.372,32.755,34231
2010-09-15,32.553,32.881,32.315,32.553,46892
2010-09-16,32.48,32.716,32.334,32.699,16093
2010-09-17,33.154,33.171,32.626,32.881,54092
2010-09-20,33.027,33.572,32.954,33.517,59780
2010-09-21,33.847,33.847,33.226,33.281,140354
2010-09-22,33.446,33.555,33.118,33.189,56412
2010-09-23,33.045,33.353,32.773,32.861,39167
2010-09-24,33.373,33.663,33.1,33.572,65721
2010-09-27,33.647,34.101,33.647,33.99,65082
2010-09-28,34.192,34.263,33.589,34.21,53947
2010-09-29,34.375,34.375,33.829,33.882,43403
2010-09-30,34.247,34.247,33.482,33.847,60471
2010-10-01,34.482,34.482,33.862,33.974,22713
2010-10-04,34.01,34.046,33.408,33.517,59646
2010-10-05,34.046,34.301,33.647,34.192,54461
2010-10-06,34.081,34.319,34.01,34.156,51017
2010-10-07,34.301,34.591,33.809,33.99,74074
2010-10-08,34.263,35.049,34.263,34.956,87137
2010-10-11,35.156,35.484,35.065,35.248,133495
2010-10-12,35.284,35.593,34.847,35.519,123098
2010-10-13,36.03,36.305,35.866,36.158,184139
2010-10-14,36.267,36.341,35.94,36.285,68677
2010-10-15,36.958,36.958,35.94,36.121,64286
2010-10-18,36.066,36.377,35.813,36.321,95036
2010-10-19,35.849,35.976,35.266,35.503,103179
2010-10-20,36.03,36.377,35.631,36.194,102731
2010-10-21,36.739,36.739,35.684,36.03,69971
2010-10-22,36.321,36.45,35.813,35.904,49640
2010-10-25,36.706,36.706,36.359,36.541,60291
2010-10-26,36.504,36.686,36.103,36.613,43286
2010-10-27,36.504,36.504,35.738,36.103,59802
2010-10-28,36.305,36.706,36.305,36.359,35984
2010-10-29,36.411,36.411,36.139,36.212,46714
2010-11-01,36.577,36.632,35.958,36.066,46649
2010-11-02,36.723,36.723,36.321,36.522,49344
2010-11-03,36.65,36.65,36.048,36.466,62832
2010-11-04,36.706,37.706,36.706,37.396,97880
2010-11-05,37.523,38.234,37.523,38.234,94338
2010-11-08,38.269,38.525,38.05,38.434,132634
2010-11-09,38.597,38.78,37.321,37.54,151093
2010-11-10,37.78,37.797,36.794,37.742,79798
2010-11-11,37.505,37.924,37.321,37.76,124372
2010-11-12,37.596,37.596,36.739,37.033,104086
2010-11-15,37.268,37.359,36.686,36.706,131045
2010-11-16,36.504,36.65,35.43,35.758,153959
2010-11-17,35.72,36.194,35.72,36.03,51589
2010-11-18,36.706,37.087,36.593,36.94,48862
2010-11-19,36.776,37.033,36.541,37.033,23021
2010-11-22,37.359,37.414,36.958,37.379,67251
2010-11-23,36.921,37.122,36.593,36.668,29545
2010-11-24,37.195,37.722,37.014,37.649,174483
2010-11-26,37.305,37.941,37.305,37.722,96849
2010-11-29,37.76,37.941,37.286,37.76,105967
2010-11-30,37.487,38.014,36.867,36.887,80346
2010-12-01,37.45,37.742,37.379,37.579,155289
2010-12-02,37.722,38.269,37.596,38.196,100766
2010-12-03,38.123,38.36,37.869,38.289,54163
2010-12-06,38.67,38.67,38.269,38.451,86333
2010-12-07,39.181,39.181,38.579,38.652,79219
2010-12-08,39.017,39.017,38.415,38.615,88677
2010-12-09,38.907,39.217,38.488,38.708,165477
2010-12-10,38.796,38.924,38.597,38.851,46450
2010-12-13,39.325,39.509,38.796,38.924,211538
2010-12-14,39.125,39.125,38.597,38.69,69913
2010-12-15,38.851,39.089,38.708,38.78,157660
2010-12-16,38.69,39.217,38.307,38.816,114866
2010-12-17,38.76,38.76,38.451,38.597,40736
2010-12-20,39.017,39.017,38.597,38.742,75320
2010-12-21,39.017,39.434,38.76,39.325,62576
2010-12-22,39.509,39.783,39.089,39.25,51896
2010-12-23,39.325,39.399,39.143,39.308,53612
2010-12-27,39.143,39.599,39.108,39.509,47731
2010-12-28,39.945,40.417,39.47,40.273,247924
2010-12-29,40.69,40.838,40.053,40.599,188721
2010-12-30,40.8,41.22,40.599,41.039,146759
2010-12-31,41.127,41.856,41.073,41.402,150369
2011-01-03,42.001,43.075,41.875,42.986,304624
2011-01-04,43.314,43.314,41.619,41.946,212650
2011-01-05,41.767,41.984,41.474,41.748,136227
2011-01-06,41.819,42.567,40.764,40.764,207966
2011-01-07,40.564,41.02,40.127,40.638,64192
2011-01-10,40.583,41.165,40.218,40.655,68693
2011-01-11,41.165,41.454,40.91,41.165,107501
2011-01-12,41.839,41.929,41.402,41.911,109448
2011-01-13,42.44,42.767,41.546,41.767,130644
2011-01-14,41.728,41.728,41.347,41.619,88023
2011-01-18,41.819,42.476,41.693,41.911,109513
2011-01-19,42.001,42.24,40.638,40.71,118913
2011-01-20,40.599,40.599,38.943,39.562,183507
2011-01-21,40.163,40.163,39.47,39.544,93057
2011-01-24,39.744,39.998,39.381,39.872,87897
2011-01-25,39.783,39.817,39.308,39.599,72342
2011-01-26,39.708,40.311,39.708,40.273,88459
2011-01-27,40.399,40.674,40.109,40.363,52628
2011-01-28,40.8,40.855,39.49,39.562,89543
2011-01-31,40.053,40.291,39.616,39.708,90028
2011-02-01,39.981,40.819,39.981,40.764,100967
2011-02-02,40.71,40.964,40.473,40.819,133033
2011-02-03,40.782,40.782,40.072,40.71,51809
2011-02-04,40.91,40.964,40.236,40.564,53753
2011-02-07,41.001,41.328,40.927,41.111,130060
2011-02-08,41.546,42.366,41.493,42.31,139329
2011-02-09,42.385,42.385,41.328,41.493,123884
2011-02-10,41.365,41.712,40.964,41.566,61376
2011-02-11,41.566,42.31,41.328,42.22,46266
2011-02-14,42.529,42.822,42.401,42.457,133663
2011-02-15,42.622,42.802,42.038,42.056,103576
2011-02-16,42.366,42.856,42.24,42.748,95946
2011-02-18,43.075,43.204,42.127,42.257,138453
2011-02-22,41.839,41.839,40.127,40.236,201123
2011-02-23,40.326,40.363,39.089,39.726,154924
2011-02-24,39.434,40.016,39.198,39.744,112120
2011-02-25,40.508,40.891,40.363,40.855,44455
2011-02-28,41.402,41.438,40.745,41.054,66539
2011-03-01,40.946,41.054,39.599,39.783,74555
2011-03-02,39.635,39.925,39.509,39.599,80341
2011-03-03,40.326,41.201,39.998,41.146,106271
2011-03-04,41.272,41.347,40.326,40.619,103670
2011-03-07,40.946,40.946,39.599,39.964,67515
2011-03-08,39.91,40.381,39.599,40.182,51855
2011-03-09,40.163,40.163,39.69,39.853,38990
2011-03-10,39.325,39.325,38.36,38.379,119615
2011-03-11,38.087,38.78,37.742,38.708,93479
2011-03-14,37.888,38.123,37.105,37.633,96315
2011-03-15,35.466,36.958,35.011,36.831,207593
2011-03-16,36.994,37.25,35.758,36.267,151816
2011-03-17,36.65,37.177,36.65,36.758,82237
2011-03-18,37.579,37.579,37.177,37.305,65232
2011-03-21,38.251,38.652,38.05,38.615,45837
2011-03-22,38.816,39.071,38.635,39.071,34722
2011-03-23,39.089,39.217,38.525,39.071,38221
2011-03-24,39.308,39.582,39.181,39.381,50887
2011-03-25,39.671,39.783,39.434,39.452,36735
2011-03-28,39.726,39.726,39.181,39.198,35201
2011-03-29,39.143,39.544,38.98,39.509,39326
2011-03-30,39.69,39.835,38.98,39.108,45930
2011-03-31,39.143,39.399,38.962,39.181,34675
2011-04-01,39.47,40.473,39.452,40.254,66417
2011-04-04,40.726,40.745,40.326,40.545,96106
2011-04-05,40.619,41.091,40.492,41.039,89654
2011-04-06,41.493,41.493,40.745,40.782,41493
2011-04-07,40.946,41.02,40.492,40.855,33288
2011-04-08,41.073,41.347,40.399,40.545,40568
2011-04-11,40.964,41.039,39.91,40.218,34973
2011-04-12,40.053,40.053,39.089,39.363,59791
2011-04-13,39.509,39.998,39.289,39.726,25120
2011-04-14,39.325,40.072,39.308,40.036,28609
2011-04-15,39.945,40.146,39.651,39.817,22461
2011-04-18,39.708,39.708,38.742,39.181,52072
2011-04-19,39.325,39.434,38.796,38.998,54197
2011-04-20,39.635,39.981,39.635,39.872,43368
2011-04-21,40.053,40.545,39.891,40.473,38843
2011-04-25,39.835,40.674,39.835,40.254,26979
2011-04-26,40.311,40.526,40.109,40.182,23084
2011-04-27,40.417,40.782,39.764,40.326,37049
2011-04-28,40.726,40.726,40.146,40.311,35156
2011-04-29,40.454,40.8,40.454,40.8,28004
2011-05-02,41.165,41.292,40.053,40.109,147420
2011-05-03,39.835,40.053,39.181,39.49,72308
2011-05-04,39.325,39.525,38.488,38.615,99304
2011-05-05,38.234,38.451,37.54,37.906,73141
2011-05-06,37.76,39.035,37.706,38.488,42281
2011-05-09,38.67,39.25,38.615,39.181,23364
2011-05-10,39.143,39.509,39.108,39.452,22474
2011-05-11,39.363,39.452,37.78,37.941,45893
2011-05-12,37.888,38.05,37.14,37.869,36153
2011-05-13,37.869,37.994,36.794,36.978,33709
2011-05-16,36.466,37.25,36.139,36.178,86653
2011-05-17,35.849,36.267,35.556,36.178,76553
2011-05-18,36.522,36.94,36.411,36.831,26144
2011-05-19,36.887,37.051,36.466,36.557,25205
2011-05-20,36.267,36.686,35.831,36.377,29771
2011-05-23,35.866,36.267,35.503,35.665,47190
2011-05-24,35.92,36.194,35.702,35.777,25854
2011-05-25,35.777,36.23,35.684,36.066,10267
2011-05-26,35.793,36.557,35.793,36.541,20683
2011-05-27,36.867,37.051,36.813,36.994,29531
2011-05-31,37.414,37.833,37.359,37.797,24754
2011-06-01,37.869,37.869,36.739,36.794,24059
2011-06-02,36.723,36.978,36.341,36.921,12756
2011-06-03,36.45,36.632,36.048,36.411,15194
2011-06-06,36.178,36.486,35.72,35.777,129281
2011-06-07,36.103,36.194,35.904,35.92,30096
2011-06-08,35.631,35.702,34.956,35.065,47410
2011-06-09,35.23,35.665,35.23,35.484,18872
2011-06-10,35.519,35.72,34.719,34.847,37179
2011-06-13,34.883,35.192,34.502,34.575,63181
2011-06-14,34.974,35.503,34.974,35.45,25914
2011-06-15,34.684,35.266,34.518,34.557,35387
2011-06-16,34.337,34.648,33.589,34.046,94713
2011-06-17,34.464,34.628,34.046,34.263,45224
2011-06-20,34.028,34.391,34.028,34.391,28390
2011-06-21,34.482,35.192,34.482,35.175,24368
2011-06-22,34.938,35.412,34.938,35.029,9857
2011-06-23,34.101,34.829,34.046,34.81,26400
2011-06-24,35.175,35.175,34.739,34.79,18863
2011-06-27,34.591,34.883,34.518,34.739,20875
2011-06-28,34.79,35.192,34.79,35.085,15082
2011-06-29,35.065,35.611,35.065,35.484,24941
2011-06-30,35.72,36.066,35.519,35.904,18244
2011-07-01,35.849,36.557,35.849,36.486,21232
2011-07-05,36.577,36.686,36.411,36.466,18338
2011-07-06,36.267,36.466,36.249,36.321,37137
2011-07-07,36.557,36.921,36.557,36.723,12821
2011-07-08,36.377,36.632,36.121,36.593,22045
2011-07-11,36.048,36.085,35.43,35.503,33379
2011-07-12,35.45,35.45,35.049,35.103,26154
2011-07-13,35.43,36.249,35.43,35.994,42382
2011-07-14,36.012,36.212,35.337,35.357,14396
2011-07-15,35.684,35.831,35.337,35.684,27182
2011-07-18,35.793,35.793,35.319,35.576,44127
2011-07-19,35.831,36.45,35.831,36.393,12471
2011-07-20,36.739,36.958,36.466,36.851,18113
2011-07-21,37.25,37.941,37.214,37.869,36337
2011-07-22,37.906,38.143,37.906,37.98,29127
2011-07-25,37.45,37.888,37.341,37.341,25184
2011-07-26,37.722,37.722,37.286,37.321,9172
2011-07-27,37.268,37.396,36.411,36.466,86307
2011-07-28,36.593,36.776,36.085,36.359,30839
2011-07-29,35.849,36.249,35.466,35.976,74461
2011-08-01,36.978,37.434,36.048,36.341,32080
2011-08-02,36.048,36.285,34.719,34.757,36761
2011-08-03,34.684,34.938,33.682,34.557,44743
2011-08-04,33.809,33.809,31.587,31.605,69525
2011-08-05,31.88,32.026,30.041,31.134,86311
2011-08-08,29.168,29.676,27.764,27.819,118619
2011-08-09,28.839,30.551,28.602,30.512,80813
2011-08-10,29.985,30.277,29.168,29.168,36742
2011-08-11,29.657,31.424,29.657,31.134,33325
2011-08-12,31.479,31.605,31.097,31.185,22583
2011-08-15,31.587,32.133,31.587,32.097,21897
2011-08-16,31.68,31.68,31.005,31.005,64281
2011-08-17,31.369,31.587,30.952,31.023,23510
2011-08-18,30.041,30.077,29.13,29.331,22588
2011-08-19,29.003,29.748,28.893,28.912,30548
2011-08-22,29.657,29.657,28.729,28.802,26992
2011-08-23,28.984,29.823,28.984,29.767,12687
2011-08-24,29.858,29.985,29.349,29.878,23651
2011-08-25,30.041,30.13,29.567,29.696,16909
2011-08-26,29.621,30.442,29.495,30.386,10177
2011-08-29,31.297,31.825,31.297,31.807,23103
2011-08-30,31.406,32.208,31.278,32.006,17307
2011-08-31,32.755,32.773,32.389,32.626,17205
2011-09-01,32.424,32.899,32.172,32.208,12173
2011-09-02,31.315,31.499,31.005,31.097,17809
2011-09-06,29.878,30.551,29.841,30.551,17146
2011-09-07,31.386,31.861,31.169,31.844,53690
2011-09-08,31.57,31.971,31.297,31.369,8311
2011-09-09,30.952,31.059,30.259,30.476,8597
2011-09-12,29.803,30.223,29.275,29.841,19385
2011-09-13,29.841,30.277,29.823,30.242,9123
2011-09-14,30.095,30.624,29.696,30.404,12963
2011-09-15,30.859,30.859,30.386,30.605,10123
2011-09-16,30.859,30.859,30.404,30.642,13432
2011-09-19,29.858,30.242,29.584,30.004,18367
2011-09-20,29.949,30.13,29.402,29.402,18455
2011-09-21,29.313,29.331,28.019,28.055,30168
2011-09-22,26.436,26.472,25.508,25.835,41929
2011-09-23,25.763,26.31,25.6,25.909,31886
2011-09-26,26.126,26.162,25.179,26.143,31007
2011-09-27,27,27.692,26.909,27,18969
2011-09-28,27.11,27.327,25.979,26.09,56882
2011-09-29,26.545,26.673,25.307,25.6,16826
2011-09-30,24.978,25.25,24.522,24.541,21942
2011-10-03,24.195,24.415,23.266,23.266,30929
2011-10-04,22.576,23.667,22.211,23.667,77258
2011-10-05,24.033,24.67,23.615,24.596,23426
2011-10-06,24.834,26.017,24.834,25.926,13501
2011-10-07,26.417,26.454,25.489,25.708,12940
2011-10-10,26.399,26.745,26.273,26.673,9261
2011-10-11,26.618,27.253,26.491,27.053,11362
2011-10-12,27.637,28.201,27.637,27.983,6812
2011-10-13,27.965,28.038,27.311,27.728,10802
2011-10-14,28.294,28.294,28.001,28.201,13165
2011-10-17,28.093,28.093,27.473,27.566,11232
2011-10-18,27.291,28.182,26.909,28.055,10280
2011-10-19,27.437,27.855,27.165,27.201,14476
2011-10-20,27,27.454,26.981,27.382,9575
2011-10-21,27.747,28.146,27.747,28.093,4627
2011-10-24,28.348,28.948,28.348,28.874,10608
2011-10-25,28.528,28.602,28.019,28.019,11731
2011-10-26,28.567,28.64,27.929,28.583,8023
2011-10-27,29.584,30.423,29.567,30.095,17454
2011-10-28,29.531,30.13,29.531,29.93,10507
2011-10-31,29.003,29.185,28.712,28.729,24619
2011-11-01,27.582,28.275,27.327,27.912,17487
2011-11-02,28.402,28.839,28.384,28.784,14310
2011-11-03,29.13,29.349,28.674,29.294,8137
2011-11-04,29.094,29.294,28.693,29.22,6342
2011-11-07,29.13,29.767,28.874,29.714,10564
2011-11-08,29.985,30.041,29.657,30.022,11143
2011-11-09,29.094,29.168,28.583,28.693,31525
2011-11-10,29.057,29.185,28.439,28.855,8222
2011-11-11,29.368,29.731,29.368,29.422,6854
2011-11-14,29.22,29.621,29.185,29.368,6477
2011-11-15,29.057,29.313,28.767,29.13,15026
2011-11-16,28.967,29.13,28.439,28.64,11475
2011-11-17,28.64,28.93,27.855,27.912,16596
2011-11-18,28.257,28.474,27.894,28.001,11475
2011-11-21,27.382,27.418,27.072,27.291,59975
2011-11-22,27.072,27.418,27,27.11,28991
2011-11-23,26.69,26.818,26.253,26.31,12178
2011-11-25,26.253,26.436,25.797,26.109,8655
2011-11-28,27.311,27.437,26.745,26.854,11325
2011-11-29,26.926,27.236,26.871,26.871,24175
2011-11-30,27.692,28.602,27.291,28.602,42442
2011-12-01,28.328,28.567,28.001,28.001,23966
2011-12-02,28.384,28.528,28.019,28.075,14841
2011-12-05,28.384,28.602,28.166,28.275,10046
2011-12-06,28.22,28.257,27.929,28.201,15947
2011-12-07,28.112,28.583,28.019,28.492,17926
2011-12-08,27.965,28.257,27.272,27.272,10730
2011-12-09,27.547,27.711,27.346,27.654,26429
2011-12-12,27.311,27.311,26.926,27.128,12858
2011-12-13,27.165,27.511,26.491,26.563,23608
2011-12-14,26.399,26.399,25.852,25.962,11781
2011-12-15,26.31,26.31,25.979,26.09,21590
2011-12-16,26.253,26.472,25.998,26.035,17499
2011-12-19,26.126,26.126,25.307,25.379,11902
2011-12-20,25.725,26.291,25.708,26.109,18423
2011-12-21,26.017,26.236,25.979,26.198,23663
2011-12-22,26.273,26.491,26.126,26.364,26717
2011-12-23,26.58,26.709,26.291,26.637,17312
2011-12-27,26.58,26.673,26.491,26.508,15095
2011-12-28,26.491,26.491,25.725,25.725,23192
2011-12-29,25.763,26.217,25.708,26.109,102683
2011-12-30,26.162,26.236,26.017,26.09,48316
2012-01-03,26.709,27.091,26.525,26.909,10907
2012-01-04,27.019,27.291,26.818,27.128,5949
2012-01-05,26.946,27.146,26.871,26.981,13293
2012-01-06,27.037,27.382,27.019,27.146,9361
2012-01-09,27.218,27.346,27.182,27.236,5389
2012-01-10,27.492,27.781,27.492,27.582,9240
2012-01-11,27.547,27.912,27.454,27.874,7784
2012-01-12,28.093,28.257,27.874,28.22,24654
2012-01-13,28.146,28.275,27.819,28.019,10869
2012-01-17,28.621,28.767,28.294,28.328,15835
2012-01-18,28.547,28.948,28.511,28.912,10401
2012-01-19,29.22,29.256,29.039,29.13,10781
2012-01-20,29.021,29.368,28.984,29.368,6498
2012-01-23,29.657,29.841,29.531,29.748,12573
2012-01-24,29.515,29.584,29.168,29.567,11893
2012-01-25,29.275,30.041,29.275,30.004,15054
2012-01-26,30.259,30.314,29.767,29.823,18201
2012-01-27,29.714,30.37,29.714,30.35,7056
2012-01-30,29.914,30.041,29.731,29.969,9684
2012-01-31,30.168,30.458,30.149,30.277,8962
2012-02-01,30.331,30.896,30.331,30.823,12684
2012-02-02,30.952,31.204,30.932,31.134,8098
2012-02-03,31.424,31.77,31.134,31.732,19611
2012-02-06,31.333,31.551,31.224,31.406,10099
2012-02-07,31.625,31.625,31.406,31.444,7174
2012-02-08,31.714,31.751,31.351,31.68,22342
2012-02-09,31.515,31.515,31.078,31.152,23712
2012-02-10,30.442,30.458,30.168,30.242,18629
2012-02-13,30.476,30.877,30.476,30.715,14222
2012-02-14,30.605,30.605,29.985,30.204,13955
2012-02-15,30.569,30.569,30.113,30.113,5302
2012-02-16,29.949,30.476,29.858,30.476,8062
2012-02-17,30.771,30.841,30.587,30.715,9254
2012-02-21,30.987,31.297,30.932,30.952,16055
2012-02-22,31.134,31.169,30.859,30.896,11350
2012-02-23,31.078,31.134,30.551,30.859,19652
2012-02-24,31.097,31.278,30.952,31.043,20241
2012-02-27,30.715,30.987,30.512,30.97,7998
2012-02-28,31.114,31.114,30.841,30.896,8533
2012-02-29,31.134,31.134,30.404,30.442,17703
2012-03-01,30.624,30.823,30.551,30.569,9037
2012-03-02,30.476,30.605,30.295,30.295,6664
2012-03-05,30.223,30.223,29.584,29.731,17630
2012-03-06,29.256,29.256,28.621,28.749,20201
2012-03-07,28.912,29.113,28.839,29.075,8214
2012-03-08,29.402,29.731,29.313,29.657,8343
2012-03-09,29.803,29.969,29.64,29.676,10029
2012-03-12,29.803,29.858,29.457,29.531,8525
2012-03-13,29.896,30.041,29.767,30.041,9468
2012-03-14,30.077,30.295,29.858,29.896,9616
2012-03-15,29.841,30.168,29.823,30.095,9121
2012-03-16,30.442,30.458,30.331,30.423,3261
2012-03-19,30.458,30.952,30.386,30.787,27530
2012-03-20,30.551,30.551,30.223,30.496,7349
2012-03-21,30.386,30.678,30.386,30.531,6579
2012-03-22,30.496,30.496,29.823,29.969,12418
2012-03-23,30.022,30.386,29.93,30.259,16869
2012-03-26,30.587,30.787,30.458,30.715,14163
2012-03-27,30.914,31.078,30.715,30.805,11302
2012-03-28,30.587,30.605,30.223,30.35,6629
2012-03-29,29.878,30.242,29.878,30.242,8283
2012-03-30,30.314,30.512,30.277,30.458,10420
2012-04-02,30.404,30.952,30.404,30.805,8751
2012-04-03,30.531,30.696,30.259,30.277,4190
2012-04-04,29.858,29.93,29.603,29.731,8361
2012-04-05,29.567,29.914,29.567,29.714,5904
2012-04-09,29.402,29.402,29.13,29.22,12454
2012-04-10,29.24,29.24,28.511,28.621,26821
2012-04-11,29.075,29.075,28.693,28.784,8014
2012-04-12,28.749,29.383,28.749,29.313,14270
2012-04-13,29.15,29.15,28.712,28.749,11254
2012-04-16,28.749,28.948,28.474,28.621,9336
2012-04-17,28.802,29.075,28.749,28.948,10822
2012-04-18,28.767,28.802,28.602,28.729,4337
2012-04-19,28.802,28.821,28.348,28.583,17162
2012-04-20,28.802,28.912,28.511,28.656,19771
2012-04-23,28.22,28.22,27.894,28.182,44863
2012-04-24,28.127,28.257,27.929,28.001,8740
2012-04-25,28.239,28.693,27.983,28.656,16446
2012-04-26,28.656,28.874,28.602,28.855,8508
2012-04-27,28.93,29.24,28.784,29.24,11567
2012-04-30,29.22,29.313,28.839,28.967,33687
2012-05-01,28.802,29.13,28.492,28.855,7532
2012-05-02,28.42,28.784,28.42,28.767,20132
2012-05-03,28.656,28.839,28.384,28.439,8129
2012-05-04,28.366,28.384,27.781,27.946,15300
2012-05-07,27.6,27.747,27.492,27.582,5308
2012-05-08,27.311,27.327,26.673,26.926,25699
2012-05-09,26.508,26.837,26.454,26.727,8360
2012-05-10,26.909,27.053,26.854,26.926,11597
2012-05-11,26.637,26.981,26.637,26.8,3635
2012-05-14,26.31,26.325,25.962,25.962,14297
2012-05-15,25.89,26.126,25.6,25.616,25254
2012-05-16,25.525,25.763,25.052,25.052,24250
2012-05-17,24.978,25.035,24.45,24.488,18417
2012-05-18,24.488,24.816,24.233,24.269,18972
2012-05-21,24.488,24.942,24.269,24.87,22135
2012-05-22,24.961,25.217,24.651,24.761,4044
2012-05-23,24.778,24.87,24.307,24.834,8655
2012-05-24,24.887,25.179,24.851,25.179,5697
2012-05-25,25.035,25.162,24.924,24.961,8874
2012-05-29,25.307,25.67,25.307,25.651,11955
2012-05-30,25.451,25.451,25.016,25.016,24429
2012-05-31,24.706,24.961,24.634,24.924,15660
2012-06-01,24.396,24.396,23.796,23.832,35620
2012-06-04,23.868,24.233,23.596,23.995,30443
2012-06-05,23.849,24.324,23.849,24.288,12125
2012-06-06,24.797,25.052,24.761,25.052,12844
2012-06-07,25.508,25.525,25.124,25.198,25322
2012-06-08,24.997,25.489,24.978,25.362,8174
2012-06-11,25.417,25.58,25.143,25.143,5930
2012-06-12,25.269,25.926,25.235,25.871,3579
2012-06-13,25.343,25.6,25.217,25.362,13012
2012-06-14,25.288,25.343,25.052,25.179,6385
2012-06-15,25.107,25.508,25.107,25.508,4271
2012-06-18,25.362,26.143,25.362,26.052,15814
2012-06-19,26.09,26.837,26.09,26.745,17565
2012-06-20,27.072,27.654,27.072,27.382,17962
2012-06-21,27.311,27.582,26.417,26.417,10621
2012-06-22,26.89,27.037,26.599,26.926,8965
2012-06-25,26.599,26.599,26.071,26.162,22519
2012-06-26,26.217,26.291,25.926,26.162,9660
2012-06-27,26.69,27.201,26.399,26.599,18714
2012-06-28,26.399,26.508,26.017,26.508,15918
2012-06-29,27.4,27.4,27.053,27.11,15960
2012-07-02,27.4,27.4,26.909,27.272,7165
2012-07-03,27.218,27.692,27.218,27.547,8480
2012-07-05,27.929,27.983,27.6,27.912,16071
2012-07-06,27.764,27.764,27.182,27.382,7706
2012-07-09,27.311,27.311,26.981,27.165,3861
2012-07-10,27.311,27.346,26.545,26.637,13677
2012-07-11,26.637,26.69,26.217,26.291,7709
2012-07-12,25.763,26.035,25.489,25.89,19005
2012-07-13,25.69,26.143,25.69,26.126,23396
2012-07-16,25.926,25.926,25.525,25.725,24662
2012-07-17,26.052,26.052,25.544,25.89,12173
2012-07-18,25.835,25.871,25.67,25.816,9679
2012-07-19,25.871,26.126,25.871,25.926,10332
2012-07-20,25.89,25.926,25.651,25.69,6288
2012-07-23,24.887,25.052,24.689,25.035,22367
2012-07-24,24.978,25.052,24.67,24.778,6001
2012-07-25,24.942,24.942,24.596,24.87,3620
2012-07-26,24.978,25.124,24.797,24.924,8564
2012-07-27,25.25,25.451,25.235,25.417,14264
2012-07-30,25.198,25.451,25.179,25.198,16061
2012-07-31,25.307,25.398,25.069,25.069,7246
2012-08-01,25.362,25.67,24.978,24.978,5825
2012-08-02,24.615,24.924,24.522,24.778,14028
2012-08-03,24.997,25.25,24.924,25.162,14856
2012-08-06,25.217,25.451,25.217,25.343,7111
2012-08-07,25.25,25.58,25.25,25.451,4555
2012-08-08,25.89,25.945,25.489,25.525,13264
2012-08-09,25.6,25.926,25.544,25.909,3108
2012-08-10,26.273,26.273,25.143,25.979,5507
2012-08-13,26.198,26.31,25.763,25.962,6132
2012-08-14,26.291,26.291,25.343,25.744,10657
2012-08-15,25.544,26.035,25.544,25.962,11261
2012-08-16,25.816,26.291,25.744,26.253,4565
2012-08-17,26.071,26.291,25.979,26.236,9763
2012-08-20,26.035,26.126,25.979,26.071,8921
2012-08-21,26.035,26.436,25.945,26.126,11516
2012-08-22,25.926,26.364,25.909,26.364,5481
2012-08-23,26.618,27.091,26.618,27,25887
2012-08-24,26.981,27.311,26.981,27.072,117612
2012-08-27,27.019,27.091,26.8,26.854,23117
2012-08-28,26.727,26.8,26.58,26.58,15860
2012-08-29,26.599,26.654,26.472,26.58,44160
2012-08-30,26.38,26.491,26.253,26.291,12128
2012-08-31,26.599,26.599,26.217,26.508,9677
2012-09-04,26.217,26.364,26.126,26.253,22405
2012-09-05,26.399,26.399,26.126,26.217,11318
2012-09-06,26.69,26.871,26.599,26.8,16707
2012-09-07,26.946,27.311,26.837,27.272,12785
2012-09-10,27.128,27.566,27.128,27.4,20163
2012-09-11,27.327,27.654,27.327,27.6,3933
2012-09-12,27.692,27.894,27.692,27.764,12923
2012-09-13,27.781,28.311,27.747,28.239,12677
2012-09-14,28.456,28.821,28.42,28.674,16961
2012-09-17,28.839,29.113,28.567,28.967,17192
2012-09-18,29.13,29.202,28.767,28.821,13460
2012-09-19,28.855,29.15,28.855,29.113,9047
2012-09-20,28.767,29.22,28.767,29.168,10705
2012-09-21,29.621,29.767,29.349,29.368,21653
2012-09-24,29.22,29.22,28.93,28.984,12111
2012-09-25,28.855,28.948,28.166,28.166,17970
2012-09-26,27.781,28.019,27.637,28.001,25414
2012-09-27,28.146,28.42,28.093,28.384,10327
2012-09-28,28.257,28.257,28.112,28.127,5444
2012-10-01,28.366,28.567,28.22,28.402,8889
2012-10-02,28.275,28.712,28.075,28.201,10584
2012-10-03,28.075,28.166,27.946,28.055,9699
2012-10-04,27.983,28.239,27.983,28.127,8592
2012-10-05,28.567,28.567,28.22,28.239,3432
2012-10-08,27.965,28.019,27.855,28.001,8126
2012-10-09,27.946,28.038,27.637,27.692,8482
2012-10-10,27.654,27.781,27.327,27.454,24615
2012-10-11,27.511,27.894,27.511,27.619,9772
2012-10-12,27.454,27.637,27.311,27.365,9651
2012-10-15,27.437,27.619,27.365,27.6,9114
2012-10-16,27.473,27.492,27.253,27.365,15550
2012-10-17,27.291,27.566,27.11,27.566,3996
2012-10-18,27.637,27.764,27.4,27.566,9232
2012-10-19,27.511,27.764,27.146,27.327,5208
2012-10-22,27.327,27.327,26.854,27.053,8553
2012-10-23,26.399,26.491,25.708,26.472,26411
2012-10-24,26.491,26.508,26.273,26.273,11753
2012-10-25,26.525,26.673,26.344,26.399,11417
2012-10-26,26.236,26.364,25.979,26.253,12818
2012-10-31,25.998,26.253,25.998,26.035,9567
2012-11-01,25.979,26.399,25.979,26.344,10074
2012-11-02,26.198,26.618,26.198,26.325,9051
2012-11-05,26.198,26.525,26.162,26.525,4871
2012-11-06,26.818,27.019,26.491,26.8,15909
2012-11-07,26.618,26.618,26.236,26.508,5351
2012-11-08,26.599,26.599,25.909,26.017,8156
2012-11-09,25.797,26.071,25.797,25.945,19079
2012-11-12,25.945,26.035,25.763,25.835,10785
2012-11-13,25.67,25.998,25.489,25.816,5466
2012-11-14,25.508,25.651,25.179,25.179,5594
2012-11-15,24.997,25.162,24.743,25.016,22371
2012-11-16,25.179,25.235,24.942,25.179,23948
2012-11-19,25.307,25.945,25.307,25.909,30626
2012-11-20,25.744,25.979,25.651,25.835,6319
2012-11-21,25.651,25.725,25.616,25.725,3248
2012-11-23,25.708,26.143,25.708,26.109,8569
2012-11-26,25.779,26.18,25.779,26.071,14769
2012-11-27,27.072,27.072,25.744,25.744,9089
2012-11-28,25.489,25.725,25.343,25.67,5050
2012-11-29,25.871,25.962,25.871,25.926,4067
2012-11-30,26.035,26.291,26.017,26.143,10589
2012-12-03,25.962,25.962,25.58,25.634,8163
2012-12-04,25.67,25.67,25.307,25.417,18476
2012-12-05,25.324,25.563,25.324,25.434,10032
2012-12-06,25.307,25.451,25.307,25.379,8363
2012-12-07,25.434,25.434,25.307,25.379,6787
2012-12-10,25.47,25.58,25.417,25.563,12521
2012-12-11,25.544,25.945,25.544,25.926,10804
2012-12-12,25.945,26.417,25.945,26.253,18169
2012-12-13,26.071,26.364,26.071,26.162,12340
2012-12-14,26.31,26.417,26.273,26.399,6018
2012-12-17,26.454,26.618,26.436,26.58,6185
2012-12-18,26.291,26.673,26.291,26.563,8862
2012-12-19,26.508,26.637,26.508,26.563,9572
2012-12-20,26.399,26.654,26.31,26.637,10219
2012-12-21,26.325,26.525,26.325,26.472,4840
2012-12-24,26.236,26.325,26.071,26.31,8174
2012-12-26,24.596,26.637,24.596,26.18,19171
2012-12-27,26.567,26.567,26.063,26.308,9778
2012-12-28,26.083,26.456,26.026,26.289,8551
2012-12-31,26.194,26.829,26.194,26.793,15623
2013-01-02,27.276,27.686,27.276,27.592,9732
2013-01-03,27.836,27.931,27.519,27.519,18664
2013-01-04,27.238,27.629,27.22,27.557,12307
2013-01-07,27.238,27.649,27.238,27.629,23425
2013-01-08,27.445,27.445,27.238,27.426,4860
2013-01-09,27.276,27.649,27.276,27.537,8204
2013-01-10,27.724,27.931,27.537,27.817,5338
2013-01-11,27.761,27.761,27.629,27.724,5828
2013-01-14,27.629,27.912,27.519,27.761,9343
2013-01-15,27.426,27.743,27.426,27.611,7829
2013-01-16,27.501,27.557,27.371,27.501,7012
2013-01-17,27.557,27.668,27.464,27.629,16012
2013-01-18,27.706,27.855,27.649,27.855,18019
2013-01-22,27.706,28.061,27.706,27.948,14463
2013-01-23,27.987,28.042,27.706,27.987,21869
2013-01-24,27.779,27.874,27.629,27.668,12697
2013-01-25,27.987,27.987,27.483,27.706,8917
2013-01-28,27.611,27.686,27.501,27.576,7501
2013-01-29,27.706,27.761,27.592,27.761,8822
2013-01-30,27.519,27.629,27.313,27.501,3902
2013-01-31,27.406,27.576,27.406,27.519,4259
2013-02-01,27.537,27.706,27.501,27.686,4471
2013-02-04,27.761,27.912,27.426,27.483,7975
2013-02-05,27.501,27.743,27.501,27.686,6409
2013-02-06,27.519,27.668,27.445,27.537,3516
2013-02-07,27.313,27.333,27.015,27.146,15162
2013-02-08,26.977,27.352,26.977,27.276,14851
2013-02-11,27.426,27.426,27.051,27.128,4121
2013-02-12,26.904,26.977,26.865,26.904,5425
2013-02-13,26.755,27.146,26.755,27.07,17641
2013-02-14,26.829,27.146,26.829,26.997,6756
2013-02-15,26.958,27.051,26.904,26.94,9395
2013-02-19,26.922,27.39,26.922,27.165,22564
2013-02-20,26.922,27.07,26.529,26.529,7268
2013-02-21,26.308,26.362,26.138,26.213,13887
2013-02-22,26.271,26.698,26.271,26.698,16272
2013-02-25,26.662,27.051,26.176,26.176,5275
2013-02-26,26.232,26.51,26.232,26.493,18359
2013-02-27,26.586,26.997,26.586,26.94,8573
2013-02-28,26.773,27.146,26.773,27.07,5412
2013-03-01,26.605,26.94,26.605,26.885,12711
2013-03-04,26.829,26.829,26.642,26.793,8586
2013-03-05,26.698,26.885,26.698,26.735,9523
2013-03-06,26.662,26.717,26.567,26.662,3284
2013-03-07,26.567,27.051,26.567,26.958,6231
2013-03-08,26.997,27.238,26.997,27.184,7886
2013-03-11,27.146,27.22,26.849,27.035,14777
2013-03-12,27.108,27.108,26.922,26.958,11321
2013-03-13,27.015,27.051,26.865,27.035,12810
2013-03-14,27.238,27.238,26.885,27.035,7905
2013-03-15,26.94,27.051,26.698,26.885,10949
2013-03-18,26.308,26.586,26.213,26.436,2924
2013-03-19,26.271,26.289,25.839,26.007,28050
2013-03-20,26.138,26.251,26.12,26.194,6818
2013-03-21,26.194,26.194,25.858,25.934,7272
2013-03-22,25.915,25.934,25.782,25.934,22358
2013-03-25,25.782,25.915,25.6,25.653,5549
2013-03-26,25.801,25.876,25.634,25.782,10080
2013-03-27,25.767,25.767,25.355,25.634,11702
2013-03-28,25.355,25.523,25.355,25.505,5264
2013-04-01,25.335,25.653,25.132,25.17,4555
2013-04-02,25.112,25.189,24.926,24.926,13032
2013-04-03,24.814,24.906,24.311,24.478,21813
2013-04-04,24.478,24.478,23.789,23.862,12453
2013-04-05,23.789,23.805,23.507,23.732,20548
2013-04-08,24.012,24.047,23.825,24.012,9671
2013-04-09,23.938,24.366,23.862,24.346,17910
2013-04-10,24.776,24.776,24.385,24.478,14120
2013-04-11,24.44,24.533,24.292,24.385,2755
2013-04-12,23.938,24.311,23.9,24.161,7064
2013-04-15,23.957,23.957,23.247,23.247,11758
2013-04-16,23.283,23.545,23.283,23.545,6435
2013-04-17,23.079,23.211,22.892,22.946,9004
2013-04-18,23.041,23.229,22.875,23.041,11960
2013-04-19,23.229,23.507,23.191,23.507,9525
2013-04-22,23.694,23.694,23.153,23.435,9260
2013-04-23,23.321,23.564,23.321,23.545,2608
2013-04-24,23.564,23.805,23.564,23.694,13530
2013-04-25,23.674,23.9,23.674,23.789,6190
2013-04-26,23.769,23.769,23.507,23.507,2328
2013-04-29,23.526,23.732,23.507,23.637,5883
2013-04-30,23.545,23.919,23.545,23.862,8070
2013-05-01,23.229,23.452,22.946,23.079,28865
2013-05-02,23.134,23.488,22.985,23.378,13834
2013-05-03,23.694,23.957,23.656,23.769,18148
2013-05-06,23.674,23.938,23.416,23.769,7283
2013-05-07,23.582,23.977,23.526,23.732,11335
2013-05-08,23.805,23.977,23.805,23.977,8760
2013-05-09,24.085,24.235,24.031,24.161,5090
2013-05-10,24.161,24.216,23.977,24.216,24743
2013-05-13,24.104,24.235,23.977,24.031,6902
2013-05-14,23.919,24.253,23.919,24.104,18390
2013-05-15,24.253,24.346,24.142,24.273,7584
2013-05-16,24.253,24.253,23.694,23.694,9646
2013-05-17,23.844,24.123,23.844,24.067,30606
2013-05-20,23.9,24.216,23.9,24.161,8752
2013-05-21,24.253,24.517,23.919,24.46,16226
2013-05-22,24.178,24.517,23.977,24.031,13234
2013-05-23,23.62,23.844,23.488,23.844,13622
2013-05-24,23.674,23.674,23.283,23.359,10635
2013-05-28,23.919,24.047,23.582,23.62,13234
2013-05-29,23.321,23.526,23.321,23.526,5865
2013-05-30,23.416,23.882,23.416,23.694,12827
2013-05-31,23.507,23.602,23.359,23.452,4125
2013-06-03,23.526,23.526,23.096,23.264,14827
2013-06-04,23.396,23.435,23.172,23.191,3671
2013-06-05,23.003,23.003,22.669,22.669,10835
2013-06-06,22.5,22.818,22.5,22.781,4736
2013-06-07,22.838,23.023,22.593,22.928,14213
2013-06-10,22.855,22.855,22.669,22.838,18400
2013-06-11,22.445,22.688,22.387,22.481,9707
2013-06-12,22.519,22.539,22.239,22.239,8766
2013-06-13,22.202,22.669,21.979,22.669,28573
2013-06-14,22.481,22.612,22.352,22.425,2208
2013-06-17,22.539,22.743,22.5,22.574,15203
2013-06-18,22.5,22.631,22.406,22.593,6629
2013-06-19,22.462,22.612,22.184,22.221,12954
2013-06-20,21.81,22.818,21.493,21.625,20740
2013-06-21,21.457,21.81,21.065,21.251,9165
2013-06-24,20.916,21.046,20.523,20.822,13388
2013-06-25,20.747,20.802,20.634,20.672,5114
2013-06-26,21.53,21.53,20.747,21.175,17226
2013-06-27,21.323,21.323,21.12,21.139,5758
2013-06-28,21.008,21.362,20.989,21.156,5250
2013-07-01,21.269,21.511,20.877,21.457,11088
2013-07-02,21.175,21.418,21.175,21.269,4408
2013-07-03,21.269,21.511,21.269,21.362,4069
2013-07-05,21.53,21.791,21.251,21.362,7606
2013-07-08,21.362,21.438,21.287,21.438,10827
2013-07-09,21.549,21.698,21.549,21.644,10747
2013-07-10,21.625,21.922,21.625,21.884,11577
2013-07-11,22.166,22.202,21.922,22.109,4424
2013-07-12,22.259,22.259,21.922,22.034,4906
2013-07-15,22.259,22.425,22.259,22.352,10840
2013-07-16,22.296,22.296,22.089,22.146,11989
2013-07-17,22.313,22.352,22.166,22.259,3480
2013-07-18,22.406,22.762,22.406,22.5,12155
2013-07-19,22.631,22.707,22.481,22.65,19429
2013-07-22,22.669,22.762,22.669,22.707,8736
2013-07-23,22.875,23.023,22.762,22.8,8332
2013-07-24,23.041,23.041,22.725,22.781,13237
2013-07-25,22.65,22.892,22.574,22.818,3643
2013-07-26,22.762,22.762,22.574,22.688,2502
2013-07-29,22.352,22.5,22.071,22.202,14250
2013-07-30,22.089,22.128,21.287,21.644,8534
2013-07-31,21.81,22.184,21.139,21.549,6917
2013-08-01,21.457,22.425,21.362,22.071,9143
2013-08-02,22.128,22.462,21.998,21.998,5772
2013-08-05,22.015,22.202,22.015,22.089,2906
2013-08-06,21.998,22.296,21.922,22.296,4999
2013-08-07,21.717,22.259,21.473,21.717,1652
2013-08-08,21.717,22.313,21.68,22.313,6275
2013-08-09,22.352,22.387,21.903,22.352,4367
2013-08-12,21.959,22.202,21.251,21.998,9116
2013-08-13,22.071,22.352,22.051,22.089,3112
2013-08-14,21.846,22.146,21.68,22.109,5912
2013-08-15,21.473,21.941,21.457,21.717,10208
2013-08-16,21.588,21.941,21.38,21.753,21119
2013-08-19,21.959,22.071,21.644,21.66,7072
2013-08-20,21.568,21.717,21.549,21.698,2047
2013-08-21,21.549,21.827,21.12,21.213,27533
2013-08-22,21.511,21.68,21.438,21.644,34296
2013-08-23,21.549,21.644,21.4,21.588,11095
2013-08-26,21.38,21.644,21.251,21.251,9474
2013-08-27,21.175,21.343,20.916,20.989,10369
2013-08-28,20.783,21.511,20.729,21.457,12178
2013-08-29,21.438,21.717,21.438,21.644,17008
2013-08-30,21.473,21.588,21.305,21.323,6930
2013-09-03,21.717,21.959,21.717,21.81,13218
2013-09-04,21.922,22.221,21.922,22.146,6570
2013-09-05,22.109,22.387,22.109,22.296,7551
2013-09-06,22.65,22.946,22.65,22.946,15441
2013-09-09,23.172,23.526,23.172,23.396,30863
2013-09-10,23.732,23.732,23.469,23.469,9163
2013-09-11,23.469,23.789,23.469,23.789,7026
2013-09-12,23.844,23.9,23.769,23.805,8130
2013-09-13,23.789,23.789,23.674,23.732,7045
2013-09-16,23.957,24.253,23.862,24.067,8083
2013-09-17,24.104,24.478,24.067,24.085,8667
2013-09-18,23.977,25.189,23.977,24.944,21857
2013-09-19,24.61,25.019,24.216,24.646,25792
2013-09-20,24.423,25.075,23.977,24.104,14854
2013-09-23,24.739,24.906,24.664,24.833,9064
2013-09-24,24.739,25.317,24.683,25.189,17216
2013-09-25,25.112,25.112,24.833,24.926,7823
2013-09-26,24.944,25.374,24.944,25.189,12031
2013-09-27,24.887,25.132,24.887,24.926,4095
2013-09-30,24.517,25.447,24.517,24.944,14362
2013-10-01,25.058,25.279,24.833,25.112,26995
2013-10-02,25.094,25.317,25.001,25.225,21133
2013-10-03,25.24,25.374,24.795,24.982,22204
2013-10-04,24.906,25.225,24.887,25.132,7969
2013-10-07,25.094,25.15,24.739,24.739,10890
2013-10-08,24.7,24.795,24.517,24.757,2826
2013-10-09,24.517,24.517,24.273,24.346,14229
2013-10-10,24.46,24.963,24.46,24.926,28475
2013-10-11,24.87,25.112,24.851,25.112,4059
2013-10-14,25.001,25.132,24.498,25.019,15675
2013-10-15,25.058,25.058,24.683,24.944,8144
2013-10-16,24.7,24.887,24.626,24.887,15775
2013-10-17,25.001,25.279,24.906,25.205,6383
2013-10-18,25.225,25.561,25.225,25.428,7617
2013-10-21,25.297,25.374,25.205,25.24,8258
2013-10-22,25.505,25.6,25.17,25.412,6396
2013-10-23,25.205,25.279,24.833,25.039,11703
2013-10-24,25.317,25.317,24.906,25.058,3613
2013-10-25,24.887,24.887,24.776,24.814,21574
2013-10-28,24.814,24.887,24.664,24.795,23703
2013-10-29,24.61,24.61,24.273,24.498,10880
2013-10-30,24.646,24.739,24.366,24.517,12787
2013-10-31,24.292,24.739,24.216,24.216,16831
2013-11-01,24.197,24.273,23.359,24.161,13135
2013-11-04,23.732,24.253,23.416,23.769,13133
2013-11-05,23.229,23.977,23.134,23.416,18992
2013-11-06,23.34,24.216,23.134,24.197,19532
2013-11-07,24.216,24.216,23.732,23.751,7573
2013-11-08,23.526,24.047,23.526,23.769,9586
2013-11-11,23.789,23.789,23.526,23.637,3657
2013-11-12,23.526,23.712,23.526,23.656,4361
2013-11-13,23.469,23.656,23.321,23.637,10748
2013-11-14,23.674,23.751,23.452,23.488,17466
2013-11-15,23.582,24.235,23.283,24.178,13528
2013-11-18,24.178,24.346,24.031,24.085,54056
2013-11-19,24.33,24.517,23.378,23.957,26038
2013-11-20,24.067,24.142,23.34,23.396,15347
2013-11-21,23.359,24.085,23.229,23.378,48236
2013-11-22,23.303,23.488,23.283,23.378,14649
2013-11-25,23.469,23.694,23.283,23.303,32144
2013-11-26,23.507,23.769,23.359,23.602,6913
2013-11-27,23.694,23.769,23.34,23.602,7780
2013-11-29,23.674,23.825,23.674,23.712,5955
2013-12-02,23.769,23.919,23.674,23.732,11297
2013-12-03,23.789,23.882,23.34,23.488,15584
2013-12-04,23.488,23.769,23.416,23.694,4805
2013-12-05,23.789,24.067,23.452,23.582,3882
2013-12-06,23.732,24.123,23.674,24.031,16169
2013-12-09,24.067,24.235,24.067,24.142,9273
2013-12-10,24.161,24.235,24.012,24.047,6194
2013-12-11,24.273,24.311,23.303,23.769,31039
2013-12-12,23.564,23.674,23.452,23.488,4250
2013-12-13,23.416,23.564,23.416,23.469,4160
2013-12-16,23.526,23.751,23.488,23.602,35135
2013-12-17,23.582,23.712,23.452,23.694,8189
2013-12-18,23.637,23.805,23.34,23.751,10285
2013-12-19,23.545,23.637,23.359,23.637,10949
2013-12-20,23.469,23.712,23.34,23.656,12388
2013-12-23,23.674,24.031,23.488,23.9,24399
2013-12-24,23.751,24.031,23.564,23.919,5512
2013-12-26,23.957,24.104,23.62,24.085,6093
2013-12-27,24.314,24.314,23.978,24.22,8186
2013-12-30,24.146,24.22,24.089,24.162,10098
2013-12-31,24.108,24.388,24.108,24.35,12596
2014-01-02,24.108,24.388,23.921,23.995,12884
2014-01-03,23.845,24.162,23.845,24.033,4778
2014-01-06,24.257,24.257,23.959,24.014,12495
2014-01-07,23.959,24.22,23.845,24.127,7968
2014-01-08,23.94,24.22,23.94,24.162,12041
2014-01-09,24.069,24.334,23.902,23.959,5415
2014-01-10,23.921,24.388,23.921,24.388,4801
2014-01-13,24.388,24.407,24.089,24.089,5239
2014-01-14,23.884,24.334,23.884,24.334,5774
2014-01-15,24.388,24.912,24.37,24.893,22461
2014-01-16,24.82,25.175,24.575,24.876,10357
2014-01-17,24.651,25.045,24.632,24.67,11796
2014-01-21,24.95,24.987,24.557,24.575,37704
2014-01-22,24.52,24.987,24.482,24.575,3695
2014-01-23,24.444,24.501,24.108,24.22,7549
2014-01-24,24.127,24.127,23.604,23.658,11885
2014-01-27,23.639,23.639,23.134,23.471,22211
2014-01-28,23.622,23.676,23.452,23.584,10557
2014-01-29,23.303,23.622,23.303,23.509,5150
2014-01-30,23.584,23.807,23.396,23.435,7703
2014-01-31,23.191,23.264,22.946,23.153,5757
2014-02-03,23.023,23.023,22.46,22.517,15371
2014-02-04,22.553,22.816,22.553,22.648,7053
2014-02-05,22.667,23.489,22.46,23.041,6062
2014-02-06,22.667,23.584,22.61,23.303,7296
2014-02-07,23.584,23.584,23.003,23.211,6701
2014-02-10,23.283,23.396,23.211,23.396,9703
2014-02-11,23.622,24.108,23.452,23.864,10831
2014-02-12,23.622,23.826,23.622,23.658,9101
2014-02-13,23.676,24.239,23.676,23.884,12201
2014-02-14,23.902,24.22,23.452,23.978,11166
2014-02-18,23.845,24.162,23.452,23.902,8702
2014-02-19,23.826,24.22,23.452,23.639,9189
2014-02-20,23.845,24.051,23.791,24.051,7140
2014-02-21,23.959,24.033,23.884,23.921,5182
2014-02-24,23.959,24.239,23.959,24.014,12464
2014-02-25,23.921,24.52,23.864,24.35,62404
2014-02-26,24.464,25.118,24.444,25.1,63034
2014-02-27,25.362,26.242,25.195,26.204,237686
2014-02-28,26.448,26.541,25.868,26.073,107189
2014-03-03,26.147,26.841,26.147,26.673,122072
2014-03-04,26.747,26.915,26.559,26.915,70652
2014-03-05,26.858,26.858,26.204,26.673,66633
2014-03-06,26.896,26.991,26.559,26.616,70540
2014-03-07,26.822,26.915,26.242,26.502,44120
2014-03-10,26.299,26.934,26.204,26.858,50479
2014-03-11,26.952,26.952,26.428,26.597,70496
2014-03-12,26.354,26.673,26.092,26.166,44303
2014-03-13,26.092,26.448,25.68,25.736,68016
2014-03-14,25.718,25.775,25.531,25.531,16380
2014-03-17,25.642,26.111,25.642,26.092,32019
2014-03-18,26.204,26.204,26.017,26.035,38984
2014-03-19,25.848,26.13,25.623,25.755,47511
2014-03-20,25.493,25.604,25.343,25.381,31912
2014-03-21,25.436,25.943,25.4,25.791,22390
2014-03-24,25.848,26.092,25.061,25.267,48221
2014-03-25,25.175,25.419,25.025,25.248,11522
2014-03-26,25.286,25.588,25.045,25.138,15814
2014-03-27,25.007,25.061,24.35,24.987,67139
2014-03-28,25.08,25.4,25.045,25.232,56515
2014-03-31,25.569,25.604,25.381,25.569,35142
2014-04-01,25.642,25.811,25.569,25.736,9378
2014-04-02,25.868,26.017,25.661,25.791,15845
2014-04-03,25.979,25.979,25.698,25.811,21210
2014-04-04,25.829,26.035,25.324,25.324,21383
2014-04-07,25.362,25.362,24.801,25.045,13414
2014-04-08,25.195,25.195,24.893,25.08,12319
2014-04-09,25.061,25.531,25.061,25.474,11505
2014-04-10,25.698,25.698,25.045,25.045,15260
2014-04-11,24.893,25.007,24.594,24.689,9283
2014-04-14,24.537,24.969,24.537,24.689,6757
2014-04-15,24.706,24.725,24.334,24.613,14770
2014-04-16,24.857,25.267,24.82,25.232,11156
2014-04-17,25.061,25.248,24.93,25.138,5551
2014-04-21,25.118,25.267,25.08,25.195,6074
2014-04-22,25.248,25.324,25.195,25.286,12229
2014-04-23,25.08,25.213,25.061,25.156,8997
2014-04-24,25.061,25.175,24.837,24.837,15324
2014-04-25,24.801,24.82,24.613,24.725,7673
2014-04-28,24.763,24.763,24.127,24.295,9527
2014-04-29,24.388,24.651,24.388,24.632,26012
2014-04-30,24.52,24.575,24.334,24.501,3975
2014-05-01,24.594,24.782,24.52,24.689,11317
2014-05-02,24.689,24.763,24.537,24.557,8814
2014-05-05,24.334,24.613,24.108,24.557,5890
2014-05-06,24.557,24.689,23.921,24.464,17544
2014-05-07,24.334,24.67,24.014,24.407,9612
2014-05-08,24.52,24.52,24.014,24.014,17732
2014-05-09,24.22,24.22,23.826,24.014,16234
2014-05-12,23.995,24.257,23.995,24.239,21587
2014-05-13,24.35,24.464,24.239,24.334,9158
2014-05-14,24.37,24.388,24.089,24.201,8451
2014-05-15,24.201,24.334,23.771,23.995,13585
2014-05-16,23.902,24.108,23.826,24.108,9732
2014-05-19,23.902,24.334,23.902,24.334,16055
2014-05-20,24.334,24.334,24.089,24.257,6914
2014-05-21,23.921,24.52,23.921,24.427,23869
2014-05-22,24.444,24.82,24.444,24.744,13446
2014-05-23,24.857,24.876,24.575,24.744,5402
2014-05-27,24.95,25.1,24.725,24.763,32673
2014-05-28,24.93,25.213,24.93,25.025,12514
2014-05-29,24.95,25.156,24.912,25.007,9331
2014-05-30,25.118,25.138,24.801,24.95,11717
2014-06-02,24.912,25.1,24.893,24.987,20224
2014-06-03,25.1,25.248,24.912,25.007,12137
2014-06-04,24.801,25.138,24.744,25.08,4265
2014-06-05,25.267,25.381,25.045,25.305,7304
2014-06-06,25.455,25.588,25.362,25.455,13468
2014-06-09,25.642,25.755,25.474,25.623,7108
2014-06-10,25.718,25.736,25.531,25.68,45039
2014-06-11,25.755,25.775,25.474,25.55,15404
2014-06-12,25.642,25.829,25.511,25.531,8503
2014-06-13,25.4,25.736,25.305,25.661,13358
2014-06-16,25.924,25.924,25.604,25.698,14162
2014-06-17,25.829,25.829,25.604,25.718,6374
2014-06-18,25.68,25.68,25.474,25.68,9192
2014-06-19,25.588,25.829,25.588,25.811,5037
2014-06-20,25.791,25.811,25.642,25.775,9521
2014-06-23,25.588,25.698,25.286,25.324,18585
2014-06-24,25.4,25.474,25.305,25.305,12846
2014-06-25,25.267,25.511,25.248,25.511,14360
2014-06-26,25.604,25.604,25.286,25.455,6898
2014-06-27,25.455,25.623,25.436,25.623,10060
2014-06-30,25.55,25.604,25.4,25.455,2775
2014-07-01,25.455,25.943,25.195,25.848,21635
2014-07-02,25.848,26.092,25.848,26.017,10793
2014-07-03,26.092,26.318,25.979,26.318,10020
2014-07-07,26.261,26.392,25.848,25.848,27636
2014-07-08,25.736,25.998,25.661,25.718,7146
2014-07-09,25.718,25.775,25.604,25.736,10111
2014-07-10,25.324,25.736,25.267,25.623,26696
2014-07-11,25.604,25.642,25.4,25.436,4618
2014-07-14,25.588,25.775,25.455,25.718,7049
2014-07-15,26.299,26.69,26.185,26.334,24512
2014-07-16,26.616,26.616,26.223,26.334,14117
2014-07-17,25.979,26.334,25.979,26.111,11739
2014-07-18,26.035,26.354,26.035,26.223,17038
2014-07-21,26.111,26.185,25.791,25.886,14341
2014-07-22,26.242,26.372,25.979,26.204,11227
2014-07-23,26.092,26.354,26.054,26.092,6777
2014-07-24,25.886,26.147,25.886,26.111,11217
2014-07-25,26.185,26.185,26.092,26.111,6545
2014-07-28,26.185,26.185,25.848,26.092,19100
2014-07-29,26.166,26.204,26.017,26.017,7557
2014-07-30,26.13,26.13,25.811,25.848,10115
2014-07-31,25.698,25.698,25.08,25.267,17088
2014-08-01,25.025,25.455,25.025,25.362,6678
2014-08-04,25.68,26.185,25.324,25.436,16307
2014-08-05,25.362,25.455,25.175,25.248,7272
2014-08-06,25.267,25.436,25.045,25.156,3994
2014-08-07,25.286,25.419,24.95,24.969,6675
2014-08-08,24.801,25.1,24.801,25.007,6501
2014-08-11,24.857,25.286,24.857,25.1,8890
2014-08-12,25.248,25.248,25.045,25.1,3560
2014-08-13,25.045,25.248,25.045,25.175,11423
2014-08-14,24.969,25.175,24.969,25.061,4139
2014-08-15,25.08,25.248,25.045,25.08,6240
2014-08-18,25.248,25.286,25.08,25.267,10229
2014-08-19,25.286,25.362,25.195,25.286,13115
2014-08-20,25.286,25.362,25.045,25.267,7733
2014-08-21,25.305,25.362,25.213,25.343,2465
2014-08-22,25.195,25.267,25.08,25.1,2759
2014-08-25,25.232,25.436,25.232,25.324,6891
2014-08-26,25.213,25.455,25.175,25.305,8029
2014-08-27,25.286,25.642,25.267,25.474,7174
2014-08-28,25.604,25.604,25.305,25.531,7760
2014-08-29,25.924,25.924,25.642,25.68,7766
2014-09-02,25.474,25.736,25.474,25.642,5255
2014-09-03,25.588,25.811,25.569,25.604,13411
2014-09-04,25.848,25.848,25.604,25.661,8603
2014-09-05,25.736,26.035,25.642,25.791,46673
2014-09-08,25.791,25.961,25.642,25.736,74162
2014-09-09,25.55,25.642,25.324,25.511,27627
2014-09-10,25.305,25.455,25.138,25.455,15315
2014-09-11,25.195,25.455,25.195,25.419,17221
2014-09-12,25.474,25.474,25.175,25.248,29732
2014-09-15,25.343,25.343,25.007,25.156,13155
2014-09-16,25.156,25.267,24.876,25.248,25026
2014-09-17,25.267,25.267,24.912,25.061,7458
2014-09-18,24.95,25.045,24.82,24.82,58905
2014-09-19,24.706,24.969,24.706,24.857,10401
2014-09-22,24.706,24.82,24.388,24.388,13655
2014-09-23,24.35,24.52,24.146,24.146,14034
2014-09-24,24.314,24.37,24.127,24.182,10539
2014-09-25,24.127,24.127,23.826,23.902,10518
2014-09-26,23.902,23.978,23.826,23.959,3783
2014-09-29,23.771,23.884,22.928,23.416,30397
2014-09-30,23.435,23.566,23.283,23.283,3336
2014-10-01,23.153,23.359,22.928,23.116,5888
2014-10-02,22.946,23.096,22.741,23.023,13140
2014-10-03,22.928,23.096,22.928,22.966,10386
2014-10-06,22.946,23.378,22.946,23.116,28897
2014-10-07,22.928,23.096,22.873,22.928,7721
2014-10-08,22.705,22.985,22.537,22.908,13112
2014-10-09,22.553,22.779,22.235,22.235,18064
2014-10-10,22.235,22.312,21.806,21.88,11485
2014-10-13,21.899,21.918,21.525,21.525,11187
2014-10-14,21.825,21.862,21.525,21.692,21418
2014-10-15,21.654,21.692,21.15,21.638,30557
2014-10-16,21.131,21.769,21.131,21.692,24208
2014-10-17,21.899,21.899,21.638,21.638,17687
2014-10-20,21.899,22.086,21.842,22.086,8272
2014-10-21,21.975,22.217,21.975,22.198,5292
2014-10-22,22.273,22.293,22.105,22.142,5611
2014-10-23,22.386,22.386,22.217,22.273,5836
2014-10-24,22.235,22.273,22.011,22.255,7831
2014-10-27,22.067,22.105,21.787,21.918,4013
2014-10-28,22.386,22.423,22.198,22.423,6367
2014-10-29,22.46,22.591,22.443,22.443,4167
2014-10-30,22.423,22.423,22.162,22.386,9075
2014-10-31,22.479,22.629,22.46,22.572,9654
2014-11-03,22.517,22.553,22.217,22.217,6866
2014-11-04,22.198,22.217,22.067,22.067,7320
2014-11-05,22.33,22.33,22.105,22.255,6751
2014-11-06,22.35,22.423,22.086,22.35,4268
2014-11-07,22.255,22.423,22.255,22.366,6635
2014-11-10,22.386,22.572,22.366,22.443,4957
2014-11-11,22.479,22.591,22.386,22.591,9617
2014-11-12,22.553,22.591,22.404,22.572,4943
2014-11-13,22.517,22.629,22.517,22.572,5780
2014-11-14,22.648,22.908,22.591,22.816,7204
2014-11-17,22.553,22.836,22.404,22.61,8051
2014-11-18,22.61,22.723,22.553,22.667,1851
2014-11-19,22.537,22.648,22.537,22.591,3073
2014-11-20,22.798,22.798,22.443,22.723,2770
2014-11-21,22.928,23.096,22.853,22.873,8477
2014-11-24,22.76,22.836,22.76,22.836,5574
2014-11-25,22.836,22.836,22.705,22.779,6048
2014-11-26,22.741,22.779,22.723,22.76,3106
2014-11-28,22.705,22.705,22.35,22.366,3793
2014-12-01,22.235,22.235,21.842,21.918,7159
2014-12-02,22.03,22.03,21.937,21.956,3532
2014-12-03,21.712,21.975,21.712,21.975,5571
2014-12-04,21.899,21.956,21.862,21.88,8437
2014-12-05,21.806,22.124,21.806,22.086,8004
2014-12-08,21.862,21.975,21.674,21.749,6261
2014-12-09,21.412,21.582,21.188,21.582,22265
2014-12-10,21.432,21.749,21.057,21.076,20168
2014-12-11,21.057,21.468,20.832,21.263,14949
2014-12-12,21.245,21.245,21.001,21.001,5291
2014-12-15,21.076,21.112,20.814,20.926,8619
2014-12-16,20.739,21.096,20.739,20.795,11576
2014-12-17,20.87,21.019,20.401,21.019,12313
2014-12-18,21.076,21.076,20.776,21.001,12536
2014-12-19,20.888,21.076,20.888,21.039,9392
2014-12-22,21.076,21.207,21.057,21.15,6113
2014-12-23,21.039,21.245,20.981,21.169,17820
2014-12-24,21.226,21.263,21.15,21.226,1483
2014-12-26,21.188,21.432,21.188,21.432,3346
2014-12-29,21.316,21.411,21.297,21.316,10839
2014-12-30,21.259,21.297,21.241,21.259,7378
2014-12-31,21.146,21.241,21.052,21.052,16021
2015-01-02,21.223,21.278,21.033,21.278,4060
2015-01-05,21.09,21.09,20.806,20.825,3199
2015-01-06,20.731,20.862,20.654,20.825,6740
2015-01-07,20.9,20.9,20.749,20.825,3188
2015-01-08,21.09,21.203,20.957,21.07,3469
2015-01-09,21.033,21.185,20.881,21.052,27647
2015-01-12,20.995,21.223,20.881,21.165,16119
2015-01-13,21.241,21.582,20.918,21.185,11411
2015-01-14,20.825,20.938,20.825,20.9,5312
2015-01-15,20.844,20.976,20.749,20.749,30221
2015-01-16,20.673,20.731,20.598,20.731,3891
2015-01-20,20.768,20.806,20.636,20.768,5830
2015-01-21,21.07,21.108,20.9,21.108,7895
2015-01-22,21.185,21.373,21.185,21.335,4066
2015-01-23,21.203,21.316,21.108,21.203,6136
2015-01-26,21.128,21.373,21.108,21.373,3354
2015-01-27,21.278,21.392,21.128,21.392,2846
2015-01-28,21.373,21.392,21.09,21.09,5129
2015-01-29,21.013,21.07,20.673,20.749,4702
2015-01-30,20.598,20.806,20.579,20.711,6714
2015-02-02,20.881,20.976,20.768,20.976,3259
2015-02-03,21.185,21.392,21.07,21.373,7652
2015-02-04,20.995,21.223,20.995,21.07,3765
2015-02-05,20.957,21.411,20.957,21.411,3285
2015-02-06,21.43,21.525,21.373,21.468,3544
2015-02-09,21.373,21.505,21.373,21.487,2143
2015-02-10,21.525,21.62,21.411,21.505,2685
2015-02-11,21.392,21.562,21.373,21.562,5368
2015-02-12,21.468,21.713,21.449,21.676,4508
2015-02-13,21.751,22.036,21.751,22.017,11383
2015-02-17,22.036,22.3,21.998,22.243,7392
2015-02-18,22.319,22.319,22.168,22.281,6334
2015-02-19,22.111,22.357,22.091,22.224,2791
2015-02-20,22.205,22.47,22.205,22.395,12764
2015-02-23,22.205,22.508,22.148,22.243,5091
2015-02-24,22.433,22.602,22.433,22.508,8482
2015-02-25,22.583,22.66,22.508,22.602,9398
2015-02-26,22.697,22.697,22.527,22.527,4399
2015-02-27,22.508,22.602,22.508,22.527,4365
2015-03-02,22.545,22.792,22.545,22.717,4706
2015-03-03,22.848,22.867,22.583,22.622,6186
2015-03-04,22.697,22.754,22.527,22.602,3595
2015-03-05,22.66,22.811,22.565,22.583,4176
2015-03-06,22.735,22.735,22.281,22.433,15278
2015-03-09,22.281,22.47,22.281,22.319,5340
2015-03-10,22.263,22.263,21.789,21.846,9780
2015-03-11,21.808,21.903,21.771,21.789,5816
2015-03-12,21.903,22.148,21.827,21.979,4335
2015-03-13,21.903,21.903,21.582,21.751,2749
2015-03-16,21.827,21.827,21.656,21.676,6450
2015-03-17,21.694,21.751,21.62,21.751,3331
2015-03-18,21.544,21.732,20.957,21.544,9305
2015-03-19,21.544,21.544,21.354,21.354,1798
2015-03-20,21.411,21.865,21.392,21.827,8987
2015-03-23,21.732,21.903,21.694,21.884,2908
2015-03-24,21.751,21.846,21.656,21.751,3913
2015-03-25,21.713,21.713,21.373,21.373,2432
2015-03-26,21.316,21.316,21.185,21.185,1798
2015-03-27,21.203,21.203,21.128,21.146,4811
2015-03-30,21.278,21.468,21.259,21.449,15491
2015-03-31,21.468,21.505,21.335,21.335,4049
2015-04-01,21.43,21.562,21.392,21.43,3172
2015-04-02,21.505,21.713,21.505,21.713,6662
2015-04-06,21.751,22.13,21.656,21.884,16020
2015-04-07,21.846,22.091,21.751,22.017,53669
2015-04-08,22.111,22.545,22.111,22.376,36903
2015-04-09,22.565,22.622,22.45,22.622,13618
2015-04-10,22.622,22.622,22.376,22.545,13904
2015-04-13,22.602,22.867,22.602,22.697,14434
2015-04-14,22.45,22.773,22.319,22.697,6344
2015-04-15,22.83,22.999,22.792,22.981,9415
2015-04-16,22.773,23.057,22.697,23.019,12051
2015-04-17,22.773,22.773,22.433,22.508,10944
2015-04-20,22.735,22.943,22.66,22.697,3700
2015-04-21,22.83,22.83,22.678,22.678,1524
2015-04-22,22.83,23.057,22.792,22.962,15038
2015-04-23,23.151,23.34,23.076,23.283,10785
2015-04-24,23.283,23.378,23.264,23.283,6978
2015-04-27,23.435,23.624,23.435,23.491,15702
2015-04-28,23.642,23.927,23.642,23.794,10944
2015-04-29,23.7,23.813,23.624,23.756,8194
2015-04-30,23.7,23.813,23.606,23.718,5869
2015-05-01,24.077,24.192,23.718,24.192,66511
2015-05-04,24.305,24.362,24.192,24.229,32462
2015-05-05,24.456,24.456,23.983,24.097,23527
2015-05-06,24.022,24.154,23.813,23.832,11834
2015-05-07,23.983,23.983,23.606,23.889,26132
2015-05-08,24.249,24.324,23.946,24.097,9463
2015-05-11,24.134,24.229,23.965,23.983,29079
2015-05-12,24.172,24.192,23.87,24.022,17953
2015-05-13,24.381,24.381,24.059,24.154,28549
2015-05-14,24.192,24.267,24.059,24.134,15756
2015-05-15,24.097,24.21,24.003,24.154,16885
2015-05-18,24.154,24.154,23.87,24.134,10501
2015-05-19,24.059,24.134,23.946,24.003,5657
2015-05-20,24.022,24.192,23.718,24.192,19932
2015-05-21,23.946,24.172,23.908,24.154,6820
2015-05-22,24.154,24.249,24.059,24.059,50702
2015-05-26,24.267,24.267,23.851,24.022,17816
2015-05-27,24.059,24.249,23.927,24.039,9780
2015-05-28,23.927,24.097,23.756,23.946,6284
2015-05-29,23.87,23.965,23.642,23.642,17922
2015-06-01,23.17,23.586,23.17,23.586,85075
2015-06-02,23.568,23.606,23.227,23.321,18923
2015-06-03,23.529,23.756,23.529,23.568,12054
2015-06-04,23.568,23.718,23.321,23.435,5182
2015-06-05,23.227,23.227,23.037,23.057,10416
2015-06-08,22.924,23.114,22.83,22.886,9411
2015-06-09,22.697,22.886,22.697,22.717,3689
2015-06-10,22.981,23.057,22.886,22.943,10109
2015-06-11,23.132,23.132,22.981,23.037,4742
2015-06-12,22.924,23.132,22.867,22.905,11473
2015-06-15,23.132,23.549,22.64,22.717,8777
2015-06-16,22.602,22.602,22.489,22.565,5657
2015-06-17,22.565,22.905,22.489,22.697,7031
2015-06-18,22.678,22.754,22.583,22.64,2432
2015-06-19,22.64,22.66,22.376,22.433,8459
2015-06-22,22.583,22.697,22.433,22.678,24584
2015-06-23,22.678,22.905,22.583,22.886,7756
2015-06-24,22.886,23.057,22.697,22.811,15808
2015-06-25,22.792,23.037,22.717,22.943,20831
2015-06-26,22.697,23.151,22.545,22.811,13112
2015-06-29,22.622,22.792,21.751,21.789,24796
2015-06-30,22.3,22.3,21.6,21.789,12830
2015-07-01,22.053,22.053,21.751,21.771,9993
2015-07-02,21.732,21.771,21.62,21.694,11843
2015-07-06,21.09,21.185,20.825,20.844,18187
2015-07-07,20.711,20.787,20.012,20.333,24002
2015-07-08,19.822,19.822,19.349,19.614,13376
2015-07-09,19.993,20.087,19.765,19.765,3647
2015-07-10,20.333,20.465,20.333,20.465,5075
2015-07-13,20.731,20.749,20.503,20.749,12953
2015-07-14,20.673,20.844,20.636,20.844,4386
2015-07-15,20.239,20.749,20.239,20.447,7910
2015-07-16,20.39,20.521,20.39,20.409,5657
2015-07-17,20.39,20.428,20.239,20.314,5604
2015-07-20,19.955,20.409,19.898,20.219,5445
2015-07-21,20.503,20.503,20.124,20.162,9622
2015-07-22,20.05,20.087,19.898,19.936,4652
2015-07-23,19.993,19.993,19.747,19.747,4494
2015-07-24,19.444,19.727,19.122,19.33,8248
2015-07-27,19.122,19.273,18.971,19.066,19191
2015-07-28,19.084,19.387,19.066,19.311,2644
2015-07-29,19.444,19.69,19.311,19.481,14011
2015-07-30,19.481,19.481,19.349,19.444,14117
2015-07-31,19.481,19.747,19.387,19.501,13324
2015-08-03,19.387,19.387,19.142,19.179,6032
2015-08-04,19.104,19.406,19.104,19.122,6662
2015-08-05,19.406,19.558,19.236,19.387,10257
2015-08-06,19.199,19.293,19.066,19.104,4961
2015-08-07,19.142,19.179,18.933,18.952,2432
2015-08-10,19.084,19.425,19.066,19.368,25483
2015-08-11,19.122,19.122,18.914,18.989,13801
2015-08-12,18.876,18.876,18.441,18.707,15702
2015-08-13,18.668,18.707,18.574,18.668,3331
2015-08-14,18.725,18.725,18.612,18.63,1903
2015-08-17,18.839,19.179,18.839,19.161,6133
2015-08-18,18.989,19.009,18.782,18.858,10575
2015-08-19,18.65,18.744,18.535,18.574,4442
2015-08-20,18.366,18.404,18.044,18.195,37168
2015-08-21,18.064,18.064,17.458,17.59,20460
2015-08-24,16.89,17.118,13.846,17.08,37594
2015-08-25,17.477,17.477,16.606,16.626,8671
2015-08-26,17.042,17.042,16.758,16.928,6186
2015-08-27,17.458,17.856,17.363,17.647,3172
2015-08-28,17.779,17.969,17.779,17.836,19562
2015-08-31,17.817,17.836,17.59,17.779,2378
2015-09-01,17.439,17.572,17.042,17.08,8194
2015-09-02,17.213,17.287,17.061,17.193,3384
2015-09-03,17.306,17.667,17.306,17.477,4494
2015-09-04,17.306,17.306,16.89,17.08,34682
2015-09-08,17.363,17.798,17.363,17.572,5552
2015-09-09,17.931,17.969,17.534,17.722,5762
2015-09-10,17.704,17.722,17.61,17.61,962
2015-09-11,17.59,17.684,17.477,17.647,18399
2015-09-14,17.59,17.61,17.439,17.439,1057
2015-09-15,17.477,17.761,17.477,17.741,7965
2015-09-16,17.912,18.138,17.912,18.12,4388
2015-09-17,17.988,18.158,17.988,18.007,3934
2015-09-18,17.836,18.158,17.761,17.761,18663
2015-09-21,17.874,17.969,17.779,17.893,846
2015-09-22,17.722,17.722,17.458,17.552,3700
2015-09-23,17.779,17.856,17.761,17.761,1586
2015-09-24,17.59,17.667,17.344,17.61,5445
2015-09-25,17.912,17.912,17.552,17.552,6133
2015-09-28,17.344,17.344,17.003,17.003,6462
2015-09-29,16.872,17.155,16.872,16.872,4864
2015-09-30,17.382,17.761,17.363,17.572,7718
2015-10-01,17.61,17.817,17.61,17.761,7718
2015-10-02,17.629,17.969,17.25,17.856,3542
2015-10-05,18.026,18.574,17.893,18.309,22008
2015-10-06,18.461,18.687,18.253,18.555,6028
2015-10-07,18.782,18.914,18.707,18.801,5340
2015-10-08,18.763,19.122,18.725,19.122,5657
2015-10-09,19.33,19.463,18.989,19.199,10680
2015-10-12,19.255,19.311,19.009,19.142,6043
2015-10-13,18.858,18.989,18.858,18.914,35106
2015-10-14,18.914,19.027,18.782,18.971,4283
2015-10-15,19.161,19.368,19.047,19.236,11526
2015-10-16,19.311,19.406,19.199,19.311,5235
2015-10-19,19.463,19.539,19.311,19.406,10537
2015-10-20,19.481,19.69,19.33,19.33,12368
2015-10-21,19.596,19.596,19.311,19.33,9040
2015-10-22,19.33,19.69,19.33,19.558,5816
2015-10-23,19.52,19.558,19.349,19.481,4071
2015-10-26,19.614,20.257,19.349,19.596,22946
2015-10-27,19.614,20.257,19.236,19.255,20619
2015-10-28,19.33,19.614,19.311,19.614,8353
2015-10-29,19.33,19.747,19.33,19.747,7455
2015-10-30,19.633,19.727,19.481,19.596,5129
2015-11-02,19.614,19.936,19.614,19.841,13118
2015-11-03,19.936,20.05,19.765,19.765,31352
2015-11-04,19.936,20.144,19.822,19.936,15638
2015-11-05,20.106,20.106,19.596,19.86,20884
2015-11-06,19.822,19.822,19.539,19.69,9622
2015-11-09,19.596,19.69,19.255,19.293,18079
2015-11-10,19.311,19.311,19.009,19.066,26964
2015-11-11,19.142,19.179,18.933,19.009,11315
2015-11-12,18.933,19.104,18.914,18.952,6133
2015-11-13,19.047,19.33,18.952,19.084,24479
2015-11-16,19.084,19.349,18.971,19.311,2802
2015-11-17,19.425,19.727,19.311,19.349,13159
2015-11-18,18.886,19.416,18.886,19.104,18293
2015-11-19,19.501,19.67,19.378,19.501,31933
2015-11-20,19.596,19.624,19.416,19.463,21148
2015-11-23,19.51,19.558,19.311,19.501,67780
2015-11-24,19.34,19.529,19.293,19.378,23119
2015-11-25,19.387,19.501,19.273,19.396,37643
2015-11-27,19.142,19.17,19.142,19.17,2115
2015-11-30,19.161,19.416,19.104,19.17,16390
2015-12-01,19.301,19.387,19.122,19.179,13382
2015-12-02,19.17,19.179,18.876,18.886,26162
2015-12-03,18.999,19.075,18.904,18.981,5020
2015-12-04,18.914,19.179,18.697,19.179,42402
2015-12-07,19.094,19.094,18.243,18.735,9833
2015-12-08,18.347,18.423,18.261,18.261,29793
2015-12-09,18.253,18.725,18.158,18.433,31933
2015-12-10,18.385,18.413,18.129,18.129,8248
2015-12-11,18.026,18.026,17.798,17.798,6133
2015-12-14,18.073,18.073,17.582,17.684,6299
2015-12-15,17.41,18.064,17.41,18.036,49063
2015-12-16,18.129,18.687,18.016,18.659,56888
2015-12-17,18.243,18.535,18.243,18.535,10575
2015-12-18,18.3,18.621,18.3,18.47,53505
2015-12-21,18.47,18.697,18.441,18.488,54139
2015-12-22,18.527,18.914,18.243,18.867,56611
2015-12-23,18.914,19.33,18.735,19.189,47477
2015-12-24,19.189,19.293,19.056,19.104,44311
2015-12-28,19.17,19.17,18.82,19.104,19444
2015-12-29,19.339,19.424,19.225,19.387,18910
2015-12-30,19.197,19.462,19.168,19.367,50322
2015-12-31,19.149,19.272,19.028,19.045,9314
2016-01-04,18.931,18.931,18.495,18.836,10993
2016-01-05,18.874,19.177,18.704,18.789,3463
2016-01-06,18.514,18.76,18.218,18.249,48559
2016-01-07,17.794,18.286,17.49,17.594,25665
2016-01-08,17.869,17.869,17.481,17.481,13354
2016-01-11,17.804,17.804,17.31,17.31,20194
2016-01-12,17.547,17.92,17.244,17.424,16772
2016-01-13,17.547,17.765,17.092,17.092,6244
2016-01-14,17.139,17.566,16.865,17.301,6478
2016-01-15,17.063,17.076,16.3,17.076,19797
2016-01-19,17.178,17.632,17.016,17.139,20149
2016-01-20,16.846,16.99,16.353,16.641,19094
2016-01-21,16.911,17.679,16.685,16.8,45067
2016-01-22,17.49,17.49,17.121,17.261,4898
2016-01-25,17.319,17.319,16.921,16.921,5638
2016-01-26,16.865,17.05,16.628,16.903,13103
2016-01-27,16.978,17.063,16.76,16.76,3763
2016-01-28,16.921,17.223,16.523,16.74,3470
2016-01-29,16.798,17.13,16.798,17.111,3743
2016-02-01,17.026,17.224,16.731,17.111,19734
2016-02-02,16.903,16.911,16.731,16.741,4829
2016-02-03,16.969,17.158,16.685,17.054,10172
2016-02-04,17.206,17.784,17.063,17.405,13424
2016-02-05,17.348,17.409,17.033,17.1,7603
2016-02-08,16.969,16.969,16.419,16.58,13796
2016-02-09,16.353,17.338,16.258,16.542,16559
2016-02-10,16.826,16.826,16.59,16.59,6627
2016-02-11,16.417,16.417,16.147,16.353,6683
2016-02-12,16.428,16.485,16.21,16.448,10292
2016-02-16,16.893,17.026,16.637,16.911,7456
2016-02-17,17.186,17.501,17.063,17.501,9957
2016-02-18,17.405,17.964,17.31,17.31,5094
2016-02-19,17.319,17.319,17.063,17.184,4593
2016-02-22,17.509,17.812,17.37,17.812,10366
2016-02-23,17.708,17.822,17.49,17.49,15522
2016-02-24,17.263,17.461,17.063,17.461,4631
2016-02-25,17.433,17.613,17.424,17.594,6401
2016-02-26,18.026,18.026,17.623,17.761,7114
2016-02-29,17.859,18.133,17.756,17.898,18838
2016-03-01,18.22,18.476,18.021,18.419,31013
2016-03-02,18.4,18.599,18.4,18.59,21438
2016-03-03,18.675,18.76,18.48,18.76,4956
2016-03-04,18.95,19.601,18.817,19.197,17424
2016-03-07,19.339,19.604,19.339,19.538,22337
2016-03-08,19.443,19.443,18.896,18.979,48223
2016-03-09,19.073,19.244,18.486,19.045,4970
2016-03-10,18.997,19.045,18.884,18.95,6955
2016-03-11,19.433,19.661,19.433,19.652,8054
2016-03-14,19.69,19.765,19.452,19.747,20183
2016-03-15,19.547,19.907,19.263,19.36,13099
2016-03-16,19.263,19.765,19.263,19.765,7151
2016-03-17,20.021,20.296,19.978,20.296,22483
2016-03-18,20.543,20.59,20.296,20.334,11748
2016-03-21,20.428,20.856,20.396,20.6,17826
2016-03-22,20.6,20.846,20.571,20.666,33210
2016-03-23,20.552,20.644,20.201,20.258,26275
2016-03-24,20.002,20.503,19.822,19.965,23303
2016-03-28,20.192,20.258,19.955,20.002,19512
2016-03-29,20.183,20.381,20.021,20.363,83267
2016-03-30,20.428,20.761,20.41,20.638,14088
2016-03-31,20.609,20.609,20.201,20.363,66754
2016-04-01,20.135,20.305,20.002,20.305,21731
2016-04-04,20.523,20.523,20.22,20.325,120572
2016-04-05,20.04,20.078,19.567,19.86,48061
2016-04-06,19.86,20.056,19.68,19.929,55291
2016-04-07,19.803,19.841,19.674,19.822,14485
2016-04-08,20.173,20.42,20.107,20.153,12851
2016-04-11,20.523,20.674,20.372,20.552,102810
2016-04-12,20.723,20.826,20.458,20.638,65938
2016-04-13,20.846,21.093,20.846,21.064,142361
2016-04-14,21.244,21.329,20.96,21.131,113682
2016-04-15,21.311,21.396,21.192,21.358,93913
2016-04-18,21.614,21.804,21.329,21.794,140134
2016-04-19,22.069,22.467,22.041,22.372,121748
2016-04-20,22.448,22.467,22.135,22.401,132322
2016-04-21,22.382,22.391,21.931,22.211,69908
2016-04-22,22.135,22.286,21.984,22.135,59639
2016-04-25,22.144,22.221,21.746,21.813,54728
2016-04-26,21.879,21.936,21.614,21.823,65999
2016-04-27,21.756,22.135,21.633,21.822,76190
2016-04-28,21.898,21.989,21.635,21.635,45694
2016-04-29,21.633,21.774,21.358,21.548,86630
2016-05-02,21.529,21.633,21.349,21.623,56908
2016-05-03,21.633,21.804,21.576,21.689,59832
2016-05-04,21.557,21.604,21.329,21.329,31005
2016-05-05,21.557,21.681,21.386,21.453,44036
2016-05-06,21.471,21.681,21.329,21.586,82870
2016-05-09,21.794,22.277,21.329,21.329,77725
2016-05-10,21.794,21.993,21.614,21.984,84284
2016-05-11,22.079,22.282,21.804,22.088,124580
2016-05-12,22.126,22.447,21.993,22.173,128722
2016-05-13,22.059,22.354,21.804,21.927,134123
2016-05-16,21.927,22.164,21.927,22.116,52852
2016-05-17,22.202,22.249,21.917,21.964,49660
2016-05-18,22.069,22.277,21.661,21.756,93749
2016-05-19,21.756,21.993,21.591,21.964,70101
2016-05-20,21.984,22.249,21.984,22.192,36140
2016-05-23,22.182,22.477,22.123,22.298,100106
2016-05-24,22.524,22.562,22.192,22.249,108010
2016-05-25,22.391,22.675,22.239,22.647,69699
2016-05-26,22.704,22.78,22.534,22.723,141810
2016-05-27,22.932,22.969,22.704,22.809,147239
2016-05-31,23.207,23.386,22.932,22.998,161816
2016-06-01,23.159,23.3,22.846,23.282,85409
2016-06-02,23.159,23.159,22.941,23.15,105089
2016-06-03,23.121,23.31,23.055,23.268,80462
2016-06-06,23.5,23.936,23.387,23.737,284451
2016-06-07,24.031,24.163,23.936,24.126,244733
2016-06-08,24.391,24.6,24.145,24.43,1014375
2016-06-09,24.448,24.553,23.938,24.183,156835
2016-06-10,23.927,24.005,23.576,23.652,128844
2016-06-13,23.623,23.737,23.225,23.282,129099
2016-06-14,23.225,23.23,22.894,23.169,98469
2016-06-15,23.358,23.602,23.358,23.49,64409
2016-06-16,23.254,23.605,22.837,23.367,124611
2016-06-17,23.472,24.021,23.14,23.385,80018
2016-06-20,23.88,24.476,23.694,23.785,181890
2016-06-21,24.126,24.135,23.86,24.04,168834
2016-06-22,23.983,24.078,23.775,23.832,80589
2016-06-23,24.116,24.306,24.04,24.287,82520
2016-06-24,23.377,23.51,22.657,22.666,226314
2016-06-27,22.534,22.562,21.623,21.822,247244
2016-06-28,22.495,22.875,22.192,22.875,136229
2016-06-29,23.215,23.68,23.083,23.367,149461
2016-06-30,23.557,23.7,23.226,23.69,283416
2016-07-01,23.7,23.889,23.529,23.747,125313
2016-07-05,23.794,24.211,23.387,23.519,165571
2016-07-06,23.339,23.415,22.989,23.178,294409
2016-07-07,23.235,23.645,22.969,23.007,187145
2016-07-08,23.5,23.69,23.387,23.671,105078
2016-07-11,23.917,23.975,23.728,23.794,76054
2016-07-12,23.823,24.173,23.823,24.145,138011
2016-07-13,24.145,24.192,23.983,24.145,101308
2016-07-14,24.306,24.344,24.173,24.325,68813
2016-07-15,24.43,24.43,24.155,24.278,84823
2016-07-18,24.325,24.373,24.06,24.363,102588
2016-07-19,24.221,24.221,23.7,23.803,791851
2016-07-20,23.851,23.927,23.664,23.86,88118
2016-07-21,23.614,23.927,23.346,23.387,49153
2016-07-22,23.548,23.689,23.425,23.652,107711
2016-07-25,23.642,23.652,23.462,23.614,179374
2016-07-26,23.662,23.737,23.538,23.68,94561
2016-07-27,23.728,23.763,23.415,23.557,114183
2016-07-28,23.68,23.7,23.5,23.69,64320
2016-07-29,23.662,23.68,23.407,23.623,63226
2016-08-01,23.605,23.605,23.367,23.405,78031
2016-08-02,23.519,23.519,22.817,23.055,1061407
2016-08-03,22.95,23.377,22.95,23.377,64314
2016-08-04,23.633,23.756,23.415,23.623,84131
2016-08-05,23.851,23.918,23.794,23.86,72306
2016-08-08,23.917,23.917,23.709,23.775,94038
2016-08-09,23.889,23.936,23.747,23.756,48388
2016-08-10,23.765,23.917,23.662,23.718,46081
2016-08-11,23.737,23.842,23.698,23.832,67247
2016-08-12,23.842,23.88,23.572,23.614,64063
2016-08-15,23.718,23.768,23.633,23.633,82124
2016-08-16,23.68,23.747,23.415,23.415,44103
2016-08-17,23.405,23.51,23.083,23.178,112142
2016-08-18,23.396,23.529,23.31,23.49,63739
2016-08-19,23.415,23.485,23.263,23.462,35893
2016-08-22,23.425,23.462,23.273,23.387,51842
2016-08-23,23.472,23.671,23.472,23.585,244780
2016-08-24,23.576,23.671,23.282,23.33,74928
2016-08-25,23.244,23.466,23.235,23.453,57746
2016-08-26,23.51,23.662,23.179,23.282,67929
2016-08-29,23.32,23.367,23.15,23.273,82938
2016-08-30,23.367,23.538,23.31,23.453,69822
2016-08-31,23.387,23.5,22.998,23.225,113824
2016-09-01,23.31,23.405,23.178,23.405,51601
2016-09-02,23.642,23.718,23.444,23.708,61868
2016-09-06,24.06,24.135,23.975,24.05,152374
2016-09-07,24.24,24.315,24.078,24.155,68436
2016-09-08,24.192,24.192,23.946,24.05,50595
2016-09-09,23.87,23.87,23.112,23.244,155408
2016-09-12,22.941,23.33,22.752,23.207,75904
2016-09-13,23.007,23.112,22.659,22.789,65491
2016-09-14,22.77,23.083,22.77,22.865,60128
2016-09-15,22.989,23.349,22.95,23.244,39380
2016-09-16,23.169,23.367,23.092,23.254,54366
2016-09-19,23.32,23.462,23.159,23.187,96254
2016-09-20,23.207,23.31,22.998,22.998,28208
2016-09-21,23.121,23.462,23.083,23.453,64572
2016-09-22,23.519,23.585,23.349,23.349,39331
2016-09-23,23.225,23.225,23.007,23.035,51292
2016-09-26,23.064,23.112,22.941,22.941,51329
2016-09-27,23.017,23.198,22.941,23.121,76400
2016-09-28,23.13,23.443,23.027,23.415,52418
2016-09-29,23.415,23.51,23.09,23.244,32540
2016-09-30,23.349,23.459,23.225,23.396,20019
2016-10-03,23.339,23.339,23.092,23.31,31014
2016-10-04,23.519,23.605,23.092,23.159,68738
2016-10-05,23.263,23.415,23.178,23.405,46063
2016-10-06,23.244,23.244,23.044,23.169,73829
2016-10-07,23.225,23.225,22.855,22.998,44064
2016-10-10,23.074,23.26,23.074,23.159,40271
2016-10-11,22.989,22.989,22.637,22.723,355146
2016-10-12,22.789,22.827,22.514,22.647,60740
2016-10-13,22.439,22.439,22.088,22.268,89849
2016-10-14,22.486,22.732,22.268,22.41,51464
2016-10-17,22.467,22.472,22.354,22.391,35618
2016-10-18,22.647,22.799,22.524,22.742,50285
2016-10-19,22.855,23.092,22.817,23.083,63522
2016-10-20,22.989,23.159,22.96,23.064,58809
2016-10-21,23.035,23.074,22.809,23.055,23383
2016-10-24,23.083,23.225,23.036,23.112,27028
2016-10-25,23.159,23.159,22.996,23.045,28516
2016-10-26,22.752,22.894,22.685,22.77,21155
2016-10-27,22.799,22.799,22.562,22.59,33608
2016-10-28,22.685,22.799,22.562,22.647,19882
2016-10-31,23.055,23.055,22.694,22.827,36302
2016-11-01,22.809,22.809,22.372,22.59,59363
2016-11-02,22.457,22.473,22.154,22.211,82736
2016-11-03,22.439,22.865,22.439,22.78,58273
2016-11-04,22.685,22.875,22.675,22.675,28091
2016-11-07,22.865,23.12,22.865,23.074,24326
2016-11-08,22.979,23.15,22.927,23.017,19790
2016-11-09,22.524,22.646,22.277,22.562,58044
2016-11-10,22.666,22.894,22.382,22.382,87990
2016-11-11,22.362,22.364,22.098,22.211,88273
2016-11-14,22.268,22.359,22.05,22.107,52589
2016-11-15,22.144,22.57,22.097,22.514,37727
2016-11-16,22.524,22.637,22.362,22.401,46899
2016-11-17,22.524,22.675,22.401,22.534,25692
2016-11-18,22.514,22.524,22.362,22.429,25455
2016-11-21,22.514,22.632,22.467,22.609,78509
2016-11-22,22.855,22.855,22.609,22.77,23147
2016-11-23,22.752,22.821,22.619,22.799,23361
2016-11-25,22.96,22.969,22.872,22.922,25379
2016-11-28,22.989,23.083,22.922,23.017,30392
2016-11-29,22.989,23.045,22.903,22.922,30321
2016-11-30,22.969,23.358,22.969,23.33,77725
2016-12-01,23.453,23.538,23.254,23.31,70107
2016-12-02,23.32,23.538,23.244,23.396,34111
2016-12-05,23.377,23.538,23.292,23.51,52723
2016-12-06,23.557,23.595,23.425,23.548,41303
2016-12-07,23.69,24.078,23.614,24.069,118068
2016-12-08,24.173,24.448,24.04,24.448,63449
2016-12-09,24.448,24.467,24.221,24.23,82359
2016-12-12,24.43,24.43,24.155,24.155,75879
2016-12-13,24.202,24.325,24.04,24.04,47616
2016-12-14,24.145,24.24,23.606,23.633,73124
2016-12-15,23.642,23.88,23.614,23.747,35701
2016-12-16,23.803,23.803,23.605,23.633,22829
2016-12-19,23.7,23.851,23.662,23.813,94443
2016-12-20,23.7,23.736,23.538,23.7,51390
2016-12-21,23.642,23.728,23.585,23.662,65147
2016-12-22,23.652,23.652,23.396,23.49,37393
2016-12-23,23.462,23.557,23.399,23.462,6851
2016-12-27,23.51,23.652,23.443,23.605,15219
2016-12-28,24.093,24.093,23.463,23.638,79589
2016-12-29,23.705,23.83,23.676,23.754,98116
2016-12-30,23.851,23.851,23.55,23.609,44806
2017-01-03,23.977,24.112,23.88,24.006,63804
2017-01-04,24.18,24.577,24.161,24.509,79354
2017-01-05,24.703,24.867,24.654,24.78,129616
2017-01-06,24.761,24.809,24.625,24.645,72662
2017-01-09,24.703,24.945,24.683,24.732,124709
2017-01-10,24.935,24.955,24.693,24.722,166287
2017-01-11,24.964,25.264,24.838,25.235,554093
2017-01-12,25.468,25.468,25.169,25.39,174730
2017-01-13,25.545,25.661,25.4,25.642,92776
2017-01-17,25.574,25.589,25.294,25.361,111160
2017-01-18,25.342,25.458,25.274,25.284,69590
2017-01-19,25.448,25.448,25.255,25.371,57150
2017-01-20,25.613,25.787,25.536,25.652,86755
2017-01-23,25.768,25.787,25.584,25.768,99795
2017-01-24,25.884,26.165,25.807,26.097,108979
2017-01-25,26.465,26.465,26.165,26.388,192660
2017-01-26,26.514,26.533,26.243,26.33,93861
2017-01-27,26.388,26.407,26.097,26.165,64408
2017-01-30,26.039,26.039,25.671,25.807,71443
2017-01-31,25.768,25.787,25.661,25.71,49898
2017-02-01,25.865,25.933,25.683,25.894,43682
2017-02-02,25.942,26.136,25.942,26.107,81170
2017-02-03,26.155,26.262,26.01,26.068,76726
2017-02-06,26.117,26.242,26.029,26.146,82734
2017-02-07,26,26,25.419,25.419,642794
2017-02-08,25.613,25.651,25.419,25.613,78317
2017-02-09,25.768,25.787,25.662,25.72,29541
2017-02-10,25.875,25.962,25.772,25.913,76671
2017-02-13,25.971,26.262,25.971,26.117,105053
2017-02-14,26.233,26.233,25.981,26.146,99943
2017-02-15,26.107,26.107,25.971,26.068,73007
2017-02-16,25.991,26.088,25.746,25.758,41469
2017-02-17,25.72,25.758,25.584,25.603,57356
2017-02-21,25.758,25.991,25.691,25.807,292236
2017-02-22,25.826,25.899,25.623,25.7,173245
2017-02-23,25.826,25.855,25.497,25.507,96146
2017-02-24,25.448,25.448,25.274,25.313,74171
2017-02-27,25.371,25.4,25.1,25.177,79721
2017-02-28,25.206,25.264,25.08,25.158,112312
2017-03-01,25.468,25.71,25.41,25.565,85593
2017-03-02,25.642,25.836,25.584,25.584,124184
2017-03-03,25.681,25.744,25.419,25.555,53640
2017-03-06,25.536,25.536,25.288,25.429,63012
2017-03-07,25.419,25.419,25.226,25.245,219160
2017-03-08,25.361,25.371,25.08,25.09,62879
2017-03-09,25.187,25.332,24.994,25.216,227807
2017-03-10,25.4,25.4,25.139,25.245,80784
2017-03-13,25.41,25.555,25.371,25.555,61396
2017-03-14,25.516,25.536,25.377,25.487,62050
2017-03-15,25.642,25.962,25.536,25.942,67551
2017-03-16,26.146,26.223,25.875,25.884,54471
2017-03-17,26.059,26.349,26.059,26.146,110586
2017-03-20,26.33,26.397,26.204,26.388,208072
2017-03-21,26.552,26.552,25.875,25.933,64969
2017-03-22,25.952,26.213,25.836,26.155,47238
2017-03-23,26.107,26.252,25.904,26.097,53320
2017-03-24,26.281,26.368,26.117,26.252,50671
2017-03-27,26.146,26.203,25.836,26.194,65134
2017-03-28,26.262,26.455,26.107,26.407,99554
2017-03-29,26.552,26.61,26.417,26.485,424055
2017-03-30,26.485,26.533,26.339,26.446,132810
2017-03-31,27.221,27.472,27.177,27.221,151744
2017-04-03,27.385,27.453,27.114,27.308,360365
2017-04-04,27.25,27.375,27.141,27.269,102352
2017-04-05,27.453,27.647,27.317,27.375,152098
2017-04-06,27.618,27.889,27.114,27.879,167285
2017-04-07,27.821,28.082,27.695,27.956,140238
2017-04-10,28.082,28.244,27.903,28.015,98100
2017-04-11,28.053,28.053,27.695,27.947,110489
2017-04-12,27.811,27.811,27.308,27.395,105891
2017-04-13,27.375,27.501,27.279,27.385,43164
2017-04-17,27.385,27.503,27.283,27.492,70115
2017-04-18,27.308,27.414,27.201,27.337,52775
2017-04-19,27.337,27.337,27.114,27.182,47445
2017-04-20,27.414,27.511,27.347,27.492,45926
2017-04-21,27.559,27.62,27.405,27.463,38260
2017-04-24,27.792,27.895,27.75,27.84,73891
2017-04-25,27.889,28.024,27.889,27.956,129901
2017-04-26,27.918,27.956,27.763,27.85,30556
2017-04-27,27.908,27.966,27.657,27.724,48027
2017-04-28,27.802,27.802,27.666,27.782,55538
2017-05-01,27.995,27.995,27.763,27.84,84328
2017-05-02,27.956,27.956,27.792,27.879,51063
2017-05-03,27.898,27.898,27.424,27.53,50530
2017-05-04,27.443,27.521,27.114,27.124,78804
2017-05-05,27.211,27.695,27.133,27.695,99393
2017-05-08,27.705,27.829,27.598,27.647,37478
2017-05-09,27.792,27.966,27.792,27.86,191357
2017-05-10,27.86,28.053,27.714,27.995,80650
2017-05-11,28.082,28.092,27.811,28.073,83927
2017-05-12,28.131,28.179,27.995,28.073,87684
2017-05-15,28.305,28.431,28.266,28.363,88387
2017-05-16,28.441,28.499,28.295,28.499,84789
2017-05-17,28.276,28.276,27.695,27.734,94092
2017-05-18,27.589,27.724,27.211,27.666,81528
2017-05-19,28.034,28.363,28.034,28.334,99246
2017-05-22,28.508,28.518,28.257,28.383,104300
2017-05-23,28.392,28.46,28.257,28.324,78146
2017-05-24,28.479,28.596,28.373,28.596,58129
2017-05-25,28.741,28.867,28.673,28.857,153479
2017-05-26,28.935,29.099,28.91,29.06,93190
2017-05-30,28.993,29.089,28.905,29.031,76194
2017-05-31,29.06,29.119,28.77,28.867,104718
2017-06-01,28.935,29.002,28.702,28.935,62334
2017-06-02,28.983,29.089,28.858,29.07,89055
2017-06-05,29.06,29.06,28.905,28.973,101013
2017-06-06,28.876,29.031,28.799,28.964,50618
2017-06-07,29.051,29.089,28.799,28.944,81654
2017-06-08,29.002,29.051,28.847,29.041,59749
2017-06-09,29.051,29.185,28.797,28.944,91647
2017-06-12,28.954,28.954,28.596,28.663,58244
2017-06-13,28.789,29.128,28.789,29.128,93787
2017-06-14,29.148,29.148,28.809,28.876,186408
2017-06-15,28.431,28.431,28.228,28.373,107819
2017-06-16,28.295,28.479,28.286,28.479,74713
2017-06-19,28.702,28.741,28.455,28.518,104557
2017-06-20,28.45,28.45,28.266,28.315,65440
2017-06-21,28.508,28.508,28.189,28.218,57500
2017-06-22,28.218,28.305,28.092,28.14,65165
2017-06-23,28.17,28.392,27.987,28.286,100531
2017-06-26,28.586,28.586,28.334,28.412,156511
2017-06-27,28.489,28.576,28.278,28.286,96203
2017-06-28,28.373,28.567,28.295,28.528,52462
2017-06-29,28.421,28.489,27.802,28.015,180440
2017-06-30,28.179,28.179,28.015,28.102,69445
2017-07-03,28.179,28.237,28.102,28.179,73511
2017-07-05,28.499,28.499,28.179,28.266,106516
2017-07-06,28.228,28.228,27.986,28.102,71173
2017-07-07,28.276,28.516,28.212,28.489,143703
2017-07-10,28.576,28.818,28.421,28.721,165230
2017-07-11,28.741,28.751,28.528,28.712,102574
2017-07-12,28.867,29.172,28.867,29.138,215986
2017-07-13,29.293,29.399,29.206,29.39,254707
2017-07-14,29.535,29.632,29.438,29.574,219435
2017-07-17,29.564,29.67,29.535,29.593,141239
2017-07-18,29.535,29.69,29.493,29.641,111564
2017-07-19,29.564,29.603,29.438,29.574,189640
2017-07-20,29.603,29.641,29.496,29.632,108670
2017-07-21,29.69,29.738,29.545,29.709,80157
2017-07-24,29.777,29.973,29.738,29.932,167816
2017-07-25,30.029,30.251,29.868,30.077,202632
2017-07-26,30.019,30.019,29.801,29.932,285470
2017-07-27,30.038,30.087,29.6,29.767,391496
2017-07-28,29.748,29.864,29.669,29.864,46395
2017-07-31,30.038,30.058,29.874,29.951,115060
2017-08-01,30.048,30.116,29.864,30.038,151575
2017-08-02,30.503,30.891,30.368,30.862,215503
2017-08-03,30.891,31.072,30.862,30.91,302910
2017-08-04,31.264,31.423,31.085,31.414,275508
2017-08-07,31.559,31.636,31.433,31.578,531424
2017-08-08,31.549,31.598,31.336,31.433,256749
2017-08-09,31.084,31.2,30.987,31.142,319744
2017-08-10,31.036,31.124,30.377,30.397,357319
2017-08-11,30.397,30.581,30.31,30.397,195772
2017-08-14,30.774,30.936,30.699,30.862,232827
2017-08-15,30.949,31.084,30.784,31.016,232486
2017-08-16,31.104,31.375,31.104,31.259,229825
2017-08-17,31.326,31.412,30.818,30.833,254541
2017-08-18,31.142,31.2,30.79,30.997,121514
2017-08-21,31.026,31.142,30.891,31.104,169589
2017-08-22,31.249,31.52,31.238,31.501,271573
2017-08-23,31.414,31.627,31.352,31.598,190569
2017-08-24,31.704,31.973,31.598,31.859,250099
2017-08-25,32.053,32.25,31.995,32.159,343377
2017-08-28,32.149,32.198,31.917,32.053,598060
2017-08-29,31.723,31.975,31.714,31.965,199557
2017-08-30,32.091,32.13,31.985,32.072,176759
2017-08-31,32.76,32.797,32.498,32.653,263782
2017-09-01,32.895,33.253,32.876,33.098,655811
2017-09-05,33.176,33.185,32.508,32.566,657699
2017-09-06,32.847,32.992,32.701,32.944,351662
2017-09-07,33.215,33.522,33.166,33.476,493567
2017-09-08,33.505,33.544,33.176,33.244,260311
2017-09-11,34.125,34.948,33.893,34.822,760010
2017-09-12,35.665,35.916,35.2,35.277,1355008
2017-09-13,35.752,35.878,35.597,35.839,895978
2017-09-14,36.12,36.139,35.781,36.139,957580
2017-09-15,36.313,36.696,36.168,36.652,1629727
2017-09-18,37.185,37.553,37.146,37.446,2194861
2017-09-19,37.621,38.163,37.534,38.037,1940615
2017-09-20,38.531,38.57,36.991,37.204,2143285
2017-09-21,37.475,37.495,36.575,36.749,1180744
2017-09-22,36.526,36.575,35.568,35.916,1137146
2017-09-25,35.907,36.013,34.783,34.861,1220302
2017-09-26,35.161,35.432,35.055,35.093,1671137
2017-09-27,35.481,35.887,35.345,35.761,1104919
2017-09-28,35.887,35.916,35.655,35.79,792522
2017-09-29,36.158,36.275,35.868,36.226,941490
2017-10-02,36.536,36.681,36.246,36.488,1089274
2017-10-03,36.72,37.059,36.571,37.059,1156070
2017-10-04,37.272,37.931,37.262,37.902,1742466
2017-10-05,38.153,38.676,38.153,38.366,1589239
2017-10-06,38.24,38.328,37.233,37.795,1632752
2017-10-09,37.921,38.095,37.563,37.65,721966
2017-10-10,37.94,37.94,37.708,37.911,641508
2017-10-11,37.718,37.902,37.475,37.814,828184
2017-10-12,37.766,37.94,37.737,37.814,562357
2017-10-13,38.086,38.463,38.027,38.405,897794
2017-10-16,38.531,38.676,38.144,38.657,1104587
2017-10-17,38.308,38.444,38.095,38.221,808937
2017-10-18,38.395,38.483,38.182,38.357,601023
2017-10-19,38.182,38.25,37.834,38.231,635941
2017-10-20,38.308,38.366,38.153,38.192,506988
2017-10-23,38.376,38.512,38.182,38.24,562892
2017-10-24,38.26,38.7,38.24,38.337,1039749
2017-10-25,38.366,38.444,37.398,37.776,960210
2017-10-26,37.824,37.931,37.593,37.708,555154
2017-10-27,37.882,37.96,37.572,37.747,595469
2017-10-30,37.805,37.814,37.534,37.727,488813
2017-10-31,37.785,37.997,37.718,37.969,481959
2017-11-01,38.667,38.831,38.473,38.599,1389122
2017-11-02,38.715,38.715,37.388,37.834,1659262
2017-11-03,37.94,38.095,37.495,37.911,678013
2017-11-06,37.96,38.279,37.96,38.279,487220
2017-11-07,38.541,38.831,38.405,38.744,847377
2017-11-08,39.16,39.5,39.044,39.402,1476991
2017-11-09,39.17,39.17,38.619,39.034,993646
2017-11-10,39.034,39.199,38.957,39.034,488896
2017-11-13,39.015,39.218,38.589,39.17,630082
2017-11-14,38.918,39.021,38.463,38.55,707952
2017-11-15,37.921,38.25,37.282,37.659,846777
2017-11-16,38.192,38.415,38.008,38.318,490301
2017-11-17,38.541,38.541,38.144,38.376,606091
2017-11-20,38.289,38.502,38.153,38.202,574318
2017-11-21,38.463,38.909,38.424,38.86,581509
2017-11-22,39.306,39.373,38.836,38.938,714575
2017-11-24,39.064,39.209,39.025,39.17,408821
2017-11-27,39.025,39.175,38.783,38.792,643667
2017-11-28,38.783,38.947,38.55,38.947,492974
2017-11-29,39.044,39.16,38.221,38.366,737443
2017-11-30,38.473,38.676,38.328,38.628,446218
2017-12-01,38.57,38.608,37.818,38.299,609376
2017-12-04,38.453,38.531,37.669,37.747,601652
2017-12-05,37.388,37.475,36.841,36.894,866425
2017-12-06,36.691,36.701,36.052,36.139,1501383
2017-12-07,35.965,36.538,35.829,36.362,602818
2017-12-08,36.739,36.962,36.644,36.701,477297
2017-12-11,36.827,37.069,36.817,37.069,385741
2017-12-12,37.098,37.137,37.001,37.098,444686
2017-12-13,37.34,37.698,37.243,37.621,694253
2017-12-14,37.843,37.846,37.379,37.398,519532
2017-12-15,37.475,37.727,37.442,37.524,480938
2017-12-18,38.56,38.579,38.289,38.502,759441
2017-12-19,38.87,38.87,38.599,38.647,564406
2017-12-20,38.87,38.918,38.677,38.792,473925
2017-12-21,38.725,38.947,38.376,38.453,645026
2017-12-22,38.531,38.667,38.395,38.608,288135
2017-12-26,38.705,38.715,38.269,38.376,322926
2017-12-27,38.579,38.696,38.497,38.56,333663
2017-12-28,38.57,38.9,38.56,38.83,720315
2017-12-29,39.14,39.2,38.75,38.76,272045
2018-01-02,39.36,39.67,39.23,39.67,510482
2018-01-03,39.89,40.04,39.62,39.88,836277
2018-01-04,40.01,40.23,39.76,39.84,696783
2018-01-05,40.24,40.5,40.17,40.5,671682
2018-01-08,40.85,41.16,40.739,41.08,1145392
2018-01-09,41.14,41.19,40.8,40.86,844842
2018-01-10,40.58,40.68,40.2,40.31,644582
2018-01-11,40.33,40.45,40.0751,40.45,463092
2018-01-12,40.68,40.79,40.4601,40.67,517269
2018-01-16,41.06,41.21,39.6,39.83,1393125
2018-01-17,40.13,40.13,39.63,39.96,865863
2018-01-18,38.7,38.7299,38.04,38.46,2012023
2018-01-19,38.59,38.59,38.06,38.16,891350
2018-01-22,38.14,38.16,37.87,38.02,996401
2018-01-23,38.23,38.47,38.1578,38.28,677766
2018-01-24,38.58,38.7,38.114,38.34,683017
2018-01-25,38.45,38.929,38.345,38.65,689019
2018-01-26,38.86,38.86,38.44,38.58,581212
2018-01-29,38.58,38.58,38.1,38.27,821901
2018-01-30,38,38.085,37.43,37.67,968402
2018-01-31,37.8,37.834,37.29,37.54,603733
2018-02-01,37.4,37.45,36.805,36.89,1173769
2018-02-02,36.43,36.65,35.35,35.45,1717614
2018-02-05,34.53,35.63,33.75,34.17,1520312
2018-02-06,33.34,35.2499,33.05,34.97,1260333
2018-02-07,35.19,35.69,35.07,35.15,645334
2018-02-08,35.33,35.33,34.07,34.1,717158
2018-02-09,34.32,34.75,33.47,34.5,730463
2018-02-12,35.19,35.72,34.9066,35.52,791504
2018-02-13,35.85,35.85,35.13,35.37,477553
2018-02-14,35.18,36.23,35,36.2,558744
2018-02-15,36.64,36.789,36.26,36.76,861850
2018-02-16,36.73,36.7337,36.25,36.26,367388
2018-02-20,36.12,36.4261,36.12,36.12,579127
2018-02-21,36.32,36.56,35.96,35.97,393004
2018-02-22,36.29,36.64,36.16,36.43,329172
2018-02-23,36.77,37.26,36.555,37.23,352586
2018-02-26,36.94,36.94,35.53,35.96,1717599
2018-02-27,36.18,36.24,35.5801,35.62,597953
2018-02-28,36,36.01,34.11,34.22,1051824
2018-03-01,34.36,34.385,33.1792,33.54,857148
2018-03-02,33.23,33.63,32.66,33.62,776548
2018-03-05,33.19,33.685,33.03,33.61,435758
2018-03-06,34.25,34.55,34.15,34.41,476316
2018-03-07,34.07,34.41,33.883,34.37,275938
2018-03-08,34.56,34.8,34.42,34.64,835754
2018-03-09,35.11,35.52,34.8,35.5,660930
2018-03-12,35.84,35.86,35.6,35.76,631350
2018-03-13,36.1,36.1344,35.64,35.67,468517
2018-03-14,36.21,36.229,35.6201,35.71,278194
2018-03-15,36.04,36.11,35.531,35.59,277942
2018-03-16,35.55,35.55,35.355,35.49,259628
2018-03-19,35.21,35.24,34.46,34.69,636822
2018-03-20,34.92,34.92,34.485,34.56,240926
2018-03-21,34.58,35.02,34.42,34.81,222635
2018-03-22,34.47,34.55,33.86,33.9,257959
2018-03-23,33.73,33.835,33.12,33.21,432933
2018-03-26,33.65,33.72,33.22,33.71,344259
2018-03-27,33.96,33.97,33.07,33.28,272030
2018-03-28,32.82,32.95,32.31,32.54,848888
2018-03-29,32.51,33.1,32.3,32.98,351414
2018-04-02,32.91,32.95,31.93,32.18,394786
2018-04-03,32.19,32.48,31.92,32.42,478796
2018-04-04,31.58,32.54,31.5,32.54,687302
2018-04-05,32.51,33.28,32.5,33.17,573797
2018-04-06,32.97,33.3,32.52,32.7,210856
2018-04-09,32.82,32.99,32.58,32.59,291407
2018-04-10,32.87,33.29,32.87,33.11,300764
2018-04-11,32.89,33.1302,32.65,33.03,229190
2018-04-12,33.16,33.43,33.06,33.28,511752
2018-04-13,33.62,33.68,33.26,33.41,227095
2018-04-16,33.43,33.4539,33.17,33.38,316176
2018-04-17,33.52,33.64,33.3,33.42,375652
2018-04-18,33.66,33.9875,33.54,33.86,357507
2018-04-19,34.02,34.14,33.7,33.94,177152
2018-04-20,33.8,33.92,33.64,33.73,212942
2018-04-23,33.55,33.69,33.37,33.47,307688
2018-04-24,33.5,33.62,32.73,33.07,336961
2018-04-25,32.75,32.9,32.5726,32.74,258911
2018-04-26,32.95,33.1005,32.77,33,188415
2018-04-27,33.01,33.245,32.95,33.17,268032
2018-04-30,33.15,33.45,33.05,33.05,287669
2018-05-01,32.91,33.11,32.6748,33.1,134083
2018-05-02,33,33.34,32.96,32.99,173122
2018-05-03,33.07,33.34,32.76,33.17,210372
2018-05-04,32.97,33.75,32.97,33.59,226705
2018-05-07,33.68,33.92,33.59,33.76,260905
2018-05-08,33.5,33.74,33.49,33.68,198586
2018-05-09,33.64,33.85,33.541,33.77,267033
2018-05-10,33.79,33.99,33.53,33.96,302709
2018-05-11,33.97,34.21,33.97,34.07,304648
2018-05-14,34.28,34.58,34.13,34.14,274590
2018-05-15,33.77,34,33.4776,33.94,549971
2018-05-16,33.94,34.31,33.8765,34.28,204951
2018-05-17,34.42,35,34.42,34.8,445652
2018-05-18,34.65,34.71,34.45,34.45,186544
2018-05-21,34.69,34.924,34.69,34.81,287272
2018-05-22,34.82,34.84,34.28,34.3,409082
2018-05-23,34.17,34.3,34.0005,34.18,318446
2018-05-24,33.84,34,33.04,33.27,507946
2018-05-25,33.41,33.43,33.2,33.4,269167
2018-05-29,33.33,33.4,32.9233,33.05,214392
2018-05-30,33.05,33.415,33.02,33.33,257952
2018-05-31,33.34,33.341,33.12,33.24,134507
2018-06-01,33.46,33.63,33.3,33.61,226868
2018-06-04,33.88,34.119,33.88,33.96,278277
2018-06-05,33.94,34.02,33.79,33.9,243860
2018-06-06,34.06,34.51,34.0137,34.46,265671
2018-06-07,34.49,34.675,34.19,34.25,523943
2018-06-08,34.2,34.31,34.11,34.25,200175
2018-06-11,34.3,34.55,34.25,34.37,205087
2018-06-12,34.47,34.6,34.26,34.39,238990
2018-06-13,34.27,34.28,33.94,34.02,209244
2018-06-14,34.09,34.29,34.015,34.09,170143
2018-06-15,33.85,34,33.57,33.87,224029
2018-06-18,33.37,33.64,33.3,33.45,287390
2018-06-19,32.85,33.0138,32.23,32.57,560080
2018-06-20,32.79,32.9,32.71,32.8,239861
2018-06-21,32.73,32.8,32.55,32.63,367127
2018-06-22,32.8,33.0552,32.73,33.03,272289
2018-06-25,32.86,32.99,32.3582,32.59,261958
2018-06-26,32.51,32.6962,32.4,32.62,287621
2018-06-27,32.53,32.9988,32.37,32.41,380491
2018-06-28,32.37,32.51,32.221,32.44,248969
2018-06-29,32.51,32.92,32.45,32.52,280392
2018-07-02,32.39,32.58,32.17,32.36,209943
2018-07-03,32.52,32.69,32.3,32.43,269828
2018-07-05,32.39,32.43,32,32.39,367307
2018-07-06,32.46,32.87,32.46,32.74,229848
2018-07-09,32.96,33.17,32.955,33.11,172647
2018-07-10,33.21,33.37,33.11,33.31,178838
2018-07-11,33.05,33.23,32.65,32.76,229627
2018-07-12,33.11,33.21,32.98,33.09,166795
2018-07-13,33.06,33.2,33.01,33.17,155423
2018-07-16,32.75,32.95,32.43,32.6,267770
2018-07-17,32.4,32.939,32.3,32.91,161180
2018-07-18,32.89,32.89,32.575,32.77,205588
